grid,velocity,T,density,Y_N2,Y_Ne,Y_2-BTP(1),Y_OH(2),Y_CH4(3),Y_O2(4),Y_H2O(5),Y_C(6),Y_CH(7),Y_H(8),Y_O(9),Y_H2(10),Y_Ar(11),Y_He(12),Y_HO2(13),Y_H2O2(14),Y_CO(15),Y_CO2(16),Y_HCO(17),Y_CH2(T)(18),Y_CH3(19),Y_CH2O(20),Y_HCCO(21),Y_C2H(22),Y_C2H2(23),Y_H2CC(24),Y_CH2(S)(25),Y_CH3OH(26),Y_CH3O(27),Y_CH2CO(28),Y_C2H3(29),Y_C2H4(30),Y_C2H6(31),Y_C2H5(32),Y_CH2OH(33),Y_CH3CO(34),Y_CH2CHO(35),Y_CH3CHO(36),Y_F(37),Y_HF(38),Y_CH2F2(41),Y_CHF3(42),Y_CF2(43),Y_CF3(45),Y_CF3O(48),Y_CF2O(49),Y_CH2CF2(57),Y_CHF2(82),Y_CF3CCH(84),Y_BR(90),Y_HBR(92),Y_CF2BR(96),Y_S(125),Y_S(127),Y_S(129),Y_S(130),Y_S(132),Y_S(136),Y_S(137),Y_S(140),Y_S(143),Y_S(144),Y_BrO2(145),Y_O2(157),Y_S(160),Y_S(161),Y_S(162),Y_S(164),Y_S(172),Y_S(186),Y_S(200),Y_C2H2O(215),Y_CHO2(230),Y_CH2O2(233),Y_S(257),Y_S(273),Y_C3H2O(285),Y_CBr(425),Y_S(427),Y_CH3O2(428),Y_S(495),Y_S(559),Y_C3HF3(637),Y_S(641),Y_S(651),Y_S(724),Y_S(730),Y_S(746),Y_S(774),Y_S(787),Y_S(788),Y_S(814),Y_CF3O2(820),Y_CF2O2(848),Y_S(965),Y_CH2Br(969),Y_S(985),Y_S(1324),Y_S(1329),Y_S(1331),Y_S(1362),Y_S(1508),Y_S(1538),Y_S(1620),Y_S(1732),Y_S(1838),Y_S(1853),Y_S(1900),Y_S(1914),Y_S(1931),Y_S(1993),Y_S(2391),Y_S(2407),Y_S(2432),Y_S(2612),Y_S(2617),Y_FCBr(2948),Y_S(2951),Y_S(3152),Y_S(3215),Y_S(3312),Y_S(3734),Y_S(3918),Y_S(4420),Y_S(4577),Y_S(4579),Y_C#CC(5272),Y_S(5883),Y_S(5927),Y_S(5929),Y_S(5991),Y_S(6009),Y_S(6010),Y_S(6180),Y_S(6375),Y_C3H3(6822),Y_C3H4(6823),Y_S(7035),Y_S(7352),Y_S(7874),Y_S(8847),Y_S(9069),Y_S(9115),Y_S(9794),Y_S(10637)
0.0,0.27096760830772354,298.0,1.1711828420952333,0.6944549265339486,0.0,0.041697713972493645,0.0,0.0528855081690797,0.21096185132393655,2.6885972978384687e-19,5.919940236835744e-21,0.0,0.0,0.0,5.415964689903787e-13,0.0,2.3806290212139164e-24,8.454100158501535e-22,0.0,5.458020227298414e-20,9.409026622748414e-22,0.0,3.1066073163256874e-20,0.0,0.0,0.0,1.113818062644226e-47,0.0,0.0,1.0443133893833611e-35,1.418694909061187e-22,0.0,0.0,0.0,2.4486192727519252e-23,2.4256512069704542e-21,0.0,2.6037546626175616e-40,0.0,0.0,0.0,0.0,1.1148626826788599e-20,2.4305379290675413e-21,1.1215694561835645e-21,3.0621061466013122e-21,1.4817353899000966e-22,4.252259948077857e-24,0.0,5.302053101121854e-23,0.0,0.0,0.0,0.0,0.0,0.0,2.967171859098906e-34,0.0,0.0,1.6415058032312102e-22,1.2896358078504867e-32,9.508302740492254e-34,1.0961509094558321e-21,0.0,0.0,0.0,3.84970376336937e-20,5.27341748221812e-31,2.873310659830906e-22,5.83054119721249e-22,2.1921720396722554e-37,0.0,5.474352218729879e-23,3.043582061528532e-35,0.0,1.2703581828852334e-28,7.62470845763573e-34,0.0,9.116762165000413e-24,7.818165220874026e-23,2.9069268146057283e-21,0.0,0.0,0.0,1.554460966262965e-26,0.0,0.0,7.093326184040371e-39,7.967439785407806e-38,0.0,1.3117375574752614e-25,5.829719014338411e-25,0.0,0.0,5.935408144757864e-24,6.337856426875499e-25,1.5324210244825658e-45,4.934722971831213e-23,0.0,0.0,3.574699019863351e-21,0.0,1.297882567716546e-29,3.447553832972539e-21,2.617306789718004e-25,4.373185337571079e-25,0.0,1.539944060854959e-26,1.1551941326191896e-21,0.0,1.3995515261083015e-21,1.4261857244843415e-72,0.0,3.62532414764097e-21,0.0,0.0,0.0,4.650530271561861e-45,0.0,0.0,0.0,6.768098714541265e-41,1.6147125749400376e-21,0.0,1.0436016454020644e-21,1.6020085634815405e-23,0.0,3.5377746584943424e-22,0.0,1.0867460070025715e-23,9.336310937253319e-26,0.0,0.0,3.56486925107139e-22,1.0091044169078185e-25,3.613877336903489e-30,3.733859360551719e-26,0.0,0.0,1.049066993969526e-45,1.8488374117289985e-24,3.193410286224946e-35,0.0,0.0,2.986872078849771e-27,3.827990369056656e-26,0.0,3.190710989309919e-53
0.008,0.27096760836340317,298.0000000000006,1.1711828418545736,0.6944549265210959,0.0,0.04169771397365955,0.0,0.05288550816773219,0.21096185132125653,2.835269950558589e-17,1.1640736192418488e-27,0.0,3.817075447283454e-27,3.372858287327801e-24,1.6255865578362873e-11,0.0,2.380628990585966e-24,9.091406248928803e-20,0.0,5.8879610683162245e-18,1.3430923709881217e-19,0.0,1.1538181717661461e-26,0.0,0.0,0.0,1.4740758000648622e-45,0.0,0.0,1.0129902250447612e-33,2.674659692395154e-22,0.0,0.0,0.0,3.4006012325405e-21,2.664009221866062e-21,0.0,6.607680589762176e-38,0.0,0.0,0.0,0.0,1.1808949024967046e-18,2.4409931124511666e-21,1.1950275436853588e-21,5.0613570440247615e-21,2.6138344403807205e-28,2.3173697553145198e-23,0.0,5.649525592624159e-23,0.0,0.0,0.0,4.8791989903713964e-24,0.0,0.0,6.406302280459327e-32,0.0,0.0,6.119436811987689e-30,5.972262317391777e-30,4.455784253365924e-31,8.215383243907708e-27,0.0,0.0,0.0,6.211840870697943e-18,1.9843369429944948e-28,9.906736237519259e-20,5.832439625353913e-22,6.615146041414709e-35,0.0,5.966751026343918e-29,1.1106214766883558e-32,0.0,1.9862147775559972e-26,2.020639732870394e-31,0.0,3.535317940235996e-21,7.818618541018753e-23,2.9069700036839776e-21,0.0,0.0,1.2815344991329043e-41,4.366943872896526e-24,0.0,0.0,2.1027459505618024e-36,3.160291503199656e-35,9.50508192290265e-39,6.310862061457056e-23,5.50332602467336e-25,0.0,0.0,4.792491434870211e-30,1.727153598732521e-22,3.730019896718716e-43,2.8548837241412623e-28,0.0,0.0,2.995802835532322e-27,1.495997463687791e-21,4.007415091116367e-27,3.4475614788876466e-21,1.0207479312355522e-22,1.308309684062001e-22,1.9879200670564254e-40,6.73334187641201e-24,1.1701822043531363e-21,0.0,1.3995516360450245e-21,4.411709829272308e-70,0.0,3.62788490659499e-21,0.0,0.0,0.0,1.2165351903917685e-42,0.0,0.0,0.0,2.0160806885685077e-38,1.6147125833564215e-21,0.0,1.0436016454266918e-21,4.801021721356874e-21,0.0,3.5379405810582324e-22,0.0,1.1067857850286886e-23,0.0,0.0,0.0,3.5648692755680046e-22,4.227761101337468e-23,2.2888736580698006e-27,1.5592104884714017e-23,0.0,0.0,2.020783008657132e-43,1.8488444879809545e-24,1.2649251269138062e-32,0.0,0.0,1.3974779302324364e-27,0.0,0.0,6.93143986223544e-51
0.016,0.2709676100346521,298.00000000006537,1.1711828346310607,0.6944549261353281,0.0,0.0416977140086538,1.499676726616723e-23,0.052885508127283654,0.2109618512408153,2.990133378546319e-15,2.2994634353794733e-34,0.0,7.24361299747639e-33,1.4402405270976466e-27,4.879152240439529e-10,0.0,2.380628836528552e-24,1.3567915037015806e-18,3.23725951154621e-21,6.357457418663457e-16,6.244249557662779e-18,0.0,4.300097107293695e-33,5.052761723120602e-25,4.574070690905784e-20,0.0,2.6703029503077394e-52,8.791683293451305e-19,0.0,4.385597372780706e-40,1.8584985052388725e-20,0.0,1.6144109197815118e-21,0.0,6.146174171700007e-19,3.8591968578627006e-20,0.0,0.0,0.0,0.0,0.0,9.134612035237322e-34,1.2511221115538483e-16,4.151221712758616e-21,1.3798543774482758e-20,2.7450389317074963e-19,7.339226706983508e-33,4.9019146360154774e-23,0.0,6.870234043382047e-22,0.0,1.0100026975586626e-22,0.0,1.2785869140117184e-21,5.559928242443508e-23,0.0,1.5895140160393126e-36,0.0,2.5062152026414417e-25,2.2837370898261155e-37,5.972262290684613e-30,4.455784233441521e-31,4.657547303756632e-30,0.0,0.0,0.0,6.211840959677453e-18,1.9845278856715366e-28,1.9218721244559626e-19,5.832743630632122e-22,1.5418274665662237e-40,4.2092222477687535e-22,1.624086900601371e-30,4.742478238446485e-36,0.0,1.1946370296322539e-32,1.8440795733305016e-31,4.647059953996923e-23,3.5353331448743734e-21,7.919439362163481e-23,2.9170016075080627e-21,7.727562981089341e-31,5.06113516554774e-20,6.714483429156682e-40,1.1021665995999775e-24,8.452090790833708e-55,2.5624560246333147e-39,3.3913276593093666e-36,8.45853135323498e-37,2.587183351638413e-40,6.482570278407074e-23,5.176823340354093e-25,0.0,0.0,3.93400425676478e-36,1.2841611177729646e-22,2.0229850607917314e-41,1.433808379909327e-31,0.0,0.0,2.5279804564443775e-33,1.496661581940087e-21,4.0076197081258454e-27,3.449617184576329e-21,1.4013898380295262e-22,2.6122479533881828e-22,2.715550560841099e-40,6.733347320211841e-24,1.1701833618517497e-21,0.0,1.399583410575383e-21,8.583800563167504e-75,0.0,3.627884912194837e-21,0.0,0.0,0.0,1.1161150952426094e-42,0.0,0.0,0.0,2.073029659889704e-38,1.6147146407617847e-21,0.0,1.0436016467619317e-21,4.801039762419352e-21,0.0,3.5734792988588336e-22,0.0,4.971738386917913e-23,0.0,0.0,0.0,3.564875940057741e-22,3.905281612043266e-23,2.1089669352594805e-27,1.8817391388410893e-23,0.0,0.0,2.279281835301416e-47,1.850451510969815e-24,1.1655014490759579e-32,0.0,0.0,6.729770644464529e-28,0.0,0.0,7.037205790476889e-51
0.02,0.2709676290559205,298.0000000025598,1.171182752416874,0.6944549217451528,0.0,0.0416977144069057,5.881505203459577e-22,0.052885507666833226,0.21096185032531245,1.204859365943813e-13,9.25007115340618e-41,0.0,1.547124030669328e-32,3.1711206400008713e-29,5.855643856776536e-09,0.0,2.3806277452921274e-24,5.310795903897634e-17,2.757899986778943e-19,2.6194691452856354e-14,3.340922262987185e-16,0.0,3.2557607610801275e-39,1.981704851129283e-23,2.562021654238662e-18,5.5749784689590504e-42,1.5055092450477635e-51,4.5664355046649065e-17,0.0,2.342891071263213e-44,1.0226887482710712e-18,3.935544645002874e-34,2.631306078390683e-19,0.0,3.252418696161105e-17,2.0738846367462677e-18,0.0,6.340576852502243e-38,0.0,0.0,2.4436475098501102e-21,1.4678476197352336e-33,5.0632903186403385e-15,1.0927285372953509e-19,8.262885800557971e-19,1.392564924665051e-17,1.5207557146455257e-34,7.801621434457288e-23,3.3412181563596605e-20,4.367202247536735e-20,0.0,3.948105353096038e-20,1.5338738146241502e-20,1.0125037918616174e-19,5.191157753599232e-21,0.0,5.676117652669191e-35,0.0,9.828726199570466e-24,1.7118597918251893e-44,5.972261987998674e-30,4.455784007654586e-31,4.682985620048947e-30,1.225679337218573e-25,4.7561800092188835e-20,4.1989856919221417e-26,6.2118409346993565e-18,1.9845277758743508e-28,2.0647625373388657e-18,5.832923732557679e-22,1.287022525805485e-40,1.3082414150801037e-21,1.624025439683557e-30,1.0441930778995174e-37,0.0,1.1567083742507538e-38,1.8440795815531874e-31,7.093794183628042e-21,3.535456044767948e-21,1.6340784767633568e-22,3.7920001326842036e-21,3.032136946642422e-29,2.3353032157869386e-18,2.8941348622929435e-37,4.455284518458852e-25,3.3061516679094606e-52,6.416852279422366e-39,4.064034298043999e-36,8.462223921426848e-37,2.5870854447856515e-40,6.568421201364589e-23,5.014243835765795e-25,0.0,0.0,5.570856661635301e-38,1.2098296291250793e-22,1.0262651623510445e-39,1.396995301944857e-31,0.0,0.0,1.33508397963796e-35,1.4973821710525548e-21,4.007743459082752e-27,3.657142260024416e-21,1.5530928934285018e-22,3.264253960313934e-22,2.3859607426708026e-39,6.733348023943237e-24,1.1703221519499528e-21,9.461129636416088e-24,1.4030283825396765e-21,1.8097992751630953e-75,4.906156522641052e-23,3.6278850597043184e-21,0.0,0.0,0.0,1.2675072329365344e-42,0.0,2.3458561498402362e-21,0.0,4.958415648484991e-38,1.6149001606152342e-21,0.0,1.0436016974949544e-21,4.80261762539137e-21,0.0,6.58430184833248e-22,0.0,2.849837606147874e-21,0.0,0.0,0.0,3.5655546641333064e-22,3.8499091686650103e-23,2.0227098862841202e-27,1.9371197520269176e-23,0.0,0.0,5.175897095204822e-51,1.98637676405148e-24,1.1178322734049706e-32,0.0,0.0,4.963917410367727e-27,0.0,0.0,1.4521311906126727e-50
0.022,0.2709677420778408,298.0000000512378,1.171182263911037,0.6944548956673882,0.0,0.041697716772609424,1.2408605321751394e-20,0.05288550492937502,0.21096184488612416,2.4804315588271923e-12,7.575203913151878e-47,0.0,2.104096354938227e-30,7.949317549637782e-28,3.774135396031206e-08,0.0,2.38062226158346e-24,1.11808007274159e-15,8.277491953776484e-18,5.511616977679741e-13,9.211911028979631e-15,1.370978723515115e-35,2.0963900643568507e-40,4.1809891019133307e-22,7.092659243018316e-17,3.942862335815332e-39,8.182636906692442e-49,1.181953846583732e-15,0.0,1.0184566689404911e-41,2.879448823929302e-17,2.165063624856553e-31,8.484381979203827e-18,4.503181441474791e-38,8.734472955602607e-16,6.023164257367043e-17,3.200227232665839e-36,4.1673596224265243e-35,0.0,5.628311735880525e-38,1.2389255980771833e-19,1.3402499787416015e-32,1.0468139688064249e-13,3.3662792310506975e-18,2.721814233445056e-17,3.6315207639958944e-16,3.811592432223958e-33,7.123466279525694e-22,1.5032336309942607e-18,1.519626879097568e-18,2.38666303633598e-39,5.303514570246038e-19,2.0603418052477658e-19,4.049575881381582e-18,2.272609777666811e-19,1.1476099342105184e-22,1.2273793637401474e-33,0.0,2.0733953732142365e-22,2.5774951364308237e-51,5.972260222835814e-30,4.455782691497638e-31,8.290207465277438e-30,1.646365536667785e-24,6.387908395806369e-19,5.640191407929691e-25,6.21184081316421e-18,1.9845270226860808e-28,2.4221151266582693e-17,5.8346179662382455e-22,1.2870224429581952e-40,1.7519007930694638e-21,1.6240257384208805e-30,2.61756601567079e-36,0.0,8.107228256813838e-40,1.8440821671290274e-31,2.439229963309248e-19,3.543506646215611e-21,3.701546151837952e-21,4.2171291752027185e-20,6.396998834656157e-28,5.963741200685698e-17,8.818403890699387e-35,4.59373092482623e-25,4.440945721428309e-51,3.220566101858717e-36,4.737064383541889e-36,8.55898788100641e-37,2.587085944117036e-40,6.61134706582707e-23,4.973601426911391e-25,0.0,0.0,5.831384957470437e-38,8.047989267570536e-22,2.6762857053745655e-38,1.3917362752765814e-31,3.7213147129910883e-36,0.0,1.3594341615566472e-35,1.5342739735111688e-21,4.0089076469776906e-27,1.4183944680258737e-20,4.574796950866817e-22,3.592363654143387e-22,2.87722270564131e-38,6.7333998564107e-24,1.178768944373587e-21,1.3285992032818283e-22,1.5906457947646106e-21,2.0416330558410983e-75,4.6807957013397436e-21,3.627890130313173e-21,0.0,8.146871023178463e-23,0.0,7.092532727522109e-41,4.86309154979924e-34,1.1981385232929234e-19,3.986225243055633e-23,7.877749975697255e-37,1.623313533358627e-21,0.0,1.043604936008526e-21,4.8917653135263584e-21,0.0,1.3488861090942042e-20,2.47625929019291e-23,1.0498287041222624e-19,0.0,0.0,0.0,3.6002963981465715e-22,3.835759123127384e-23,1.9804922312719018e-27,1.9512778560646953e-23,0.0,0.0,7.834530122496856e-53,7.768569543718595e-24,1.0945010714121676e-32,0.0,0.0,3.9436632093548803e-25,0.0,0.0,3.2899075057133817e-49
0.024,0.27096867572412303,298.0000013340526,1.1711782285000676,0.6944546804522858,0.0,0.041697736298085354,3.3988076127587433e-19,0.05288548228005648,0.2109617999684009,6.64677201348934e-11,8.809702177795579e-51,0.0,4.594864421415881e-28,2.71252429321391e-26,3.0091632589604077e-07,0.0,2.3805811029737945e-24,3.062269997502307e-14,3.2416777663743474e-16,1.510289902349199e-11,3.3270923812577664e-13,1.5672285852714736e-32,3.873358804911106e-38,1.1452054741626239e-20,2.5702496780094956e-15,4.5158647077040294e-36,7.58340426540542e-46,4.0000698517468836e-14,4.6608575533622326e-49,7.637362767572689e-39,1.0622145660619885e-15,1.3556094041735245e-28,3.558263042080768e-16,4.337437877986058e-35,3.070196645719703e-14,2.295404556053115e-15,1.976455620829804e-33,4.6005383485645344e-32,8.193026835680476e-33,5.688356299421636e-35,5.302017317482e-18,6.689453454862225e-31,2.817360561163291e-12,1.390022448668613e-16,1.179055021648655e-15,1.2391560230763759e-14,1.3006367225339084e-31,3.555642188749461e-20,8.212250187197375e-17,6.95839204674983e-17,4.779748964611347e-36,1.1663402457521095e-17,4.6709868426302985e-18,2.132817131222553e-16,1.3104849237922596e-17,7.793491073222016e-21,4.0363396809712094e-32,4.407984109184507e-55,5.679152435222187e-21,2.1535410378312827e-52,5.972246508982286e-30,4.455772480845368e-31,6.523417361476732e-28,3.73245261858915e-23,1.4481334026923942e-17,1.2786792637314591e-23,6.211840508393727e-18,1.9845210324438064e-28,5.543714434538401e-16,5.961715299332799e-22,1.2870236074417776e-40,2.1955587867202335e-21,1.6240283874070627e-30,8.931824006137671e-35,4.7367158275867755e-32,6.712707671339609e-38,1.8442201066054108e-31,1.0934586923842578e-17,4.291923159155697e-21,2.0308275683457966e-19,2.299498113072825e-18,1.7521765222165705e-26,2.2033979563991764e-15,6.690741754250361e-32,2.5300539320838604e-23,9.76625447698354e-50,3.475857077452215e-33,1.6894616462947462e-34,1.1794009556663305e-36,2.5870908964984394e-40,6.654276133241782e-23,8.23351351825372e-25,0.0,0.0,1.4844366421059454e-37,5.26312243504551e-20,9.13205241996683e-37,1.3890706364535877e-31,6.988180643244856e-34,0.0,3.2340578199401277e-35,4.084162583837543e-21,4.096238033649422e-27,7.296632412348271e-19,1.8224687792652463e-20,4.081407066280208e-22,1.677868369829834e-36,6.739057717073538e-24,1.8676489414757035e-21,3.1514175303579273e-21,1.5277083671481218e-20,2.1311317503738432e-74,3.376697146675379e-19,3.628161043210021e-21,0.0,6.887480765807165e-21,0.0,5.24403758955847e-38,7.426651938838159e-32,6.966787975179912e-18,5.9148974321059896e-21,2.6215962344841574e-35,2.1348799752934065e-21,0.0,1.04395333670817e-21,1.1637325366706253e-20,0.0,7.467815503963291e-19,2.023402741331893e-21,5.106040529599617e-18,1.1034376445055604e-23,8.747747125716805e-24,6.365243495176244e-23,5.98305953137237e-22,3.828769784965149e-23,1.9392750547402047e-27,1.9586603689304353e-23,2.64034806392617e-32,2.0142437461083847e-27,6.284822188750855e-51,3.3765865648684576e-22,1.0717228214222839e-32,0.0,1.0497953838851818e-20,3.717733376790108e-23,5.710194779623656e-24,1.8991331027499367e-27,1.8049997393556965e-47
0.025,0.2709716901027682,298.0000141714038,1.171165199926343,0.6944539876148027,0.0,0.04169779917160118,3.7981134754923105e-18,0.052885408834629,0.21096165506759143,7.25073662143489e-10,8.051218715050068e-47,2.3686206896366256e-58,1.959879208085235e-26,3.7102445166986793e-25,1.1483808171719848e-06,0.0,2.3804600299793225e-24,3.4083362130936875e-13,5.040175941396996e-15,1.6818439041692244e-10,4.79361781579206e-12,2.2687068856955065e-30,4.209565341246209e-36,1.279784777911111e-19,3.714738919646659e-14,8.371216782623657e-34,1.1485915542492969e-43,5.421634739037703e-13,6.356560265796878e-48,9.536747836755263e-37,1.5611989407396367e-14,2.1848709821367796e-26,5.902375530640376e-15,6.80757728037586e-33,4.312021928591264e-13,3.4789057890354735e-14,3.2546018781299283e-31,8.265001298544232e-30,1.419855709120159e-30,8.945319275943709e-33,8.874060017404679e-17,1.437280895457233e-29,3.08572417807676e-11,2.2741448060218433e-15,2.0174513051097887e-14,1.6925635968389675e-13,1.7793386332819828e-30,7.640799047550645e-19,1.7504324729224033e-15,1.2551529461204479e-15,8.741932840020585e-34,8.042636352604624e-17,3.2224656611022276e-17,4.397365391839706e-15,2.9474984122168373e-16,1.8559289107845908e-19,6.938242735171592e-31,4.516251820057341e-53,6.344979956153674e-20,1.0256130327884438e-49,5.9722108003444106e-30,4.45574604927501e-31,2.693854612357898e-26,2.5749543030586718e-22,9.988208415562373e-17,8.821372127932144e-23,6.211846427511482e-18,1.98450398677671e-28,3.565281628642888e-15,9.727486607484026e-22,1.2870321726343069e-40,2.4173883301002817e-21,1.6240437312062826e-30,1.2217013017653332e-33,1.5659975784051951e-30,7.246853084605744e-36,1.8470598910488148e-31,1.932412799108783e-16,2.928089187758988e-20,4.441350091769493e-18,5.236972398084599e-17,1.958042473854457e-25,3.311555079565423e-14,6.2531391025021904e-30,1.1830022081917787e-21,6.7337757426233995e-49,1.413586601999485e-30,7.81562733066655e-33,6.581154623865146e-36,2.5871262969326117e-40,6.675751611111566e-23,1.1077968236430709e-23,7.717578199868408e-30,0.0,1.327162450177999e-36,1.5136644135723612e-18,1.2473340141922273e-35,1.3918253512131759e-31,3.559193169840975e-32,0.0,5.66623321409464e-34,7.057632865345145e-20,6.683713231832681e-27,1.9055153022691226e-17,3.209351314195772e-19,8.956136848545408e-22,2.0727147069293294e-34,6.973150477476842e-24,2.302464214520311e-20,2.034741684934104e-20,3.913923948942344e-19,9.978320514998542e-72,9.356591028416806e-18,3.63374318546775e-21,1.614971268132047e-19,1.819633731672101e-19,5.328489367321149e-22,4.939064303331648e-36,4.291175241079247e-30,1.5748449605637668e-16,1.7618543142857647e-19,3.578891987469037e-34,1.3863451962317664e-20,0.0,1.058324191416532e-21,2.0388857915077583e-19,0.0,1.655456770199322e-17,5.146589008281365e-20,9.756250898543342e-17,3.3229377650640426e-22,2.6521021093377428e-22,1.3338762385006936e-20,6.756465151068938e-21,3.836505490630073e-23,1.9235409043247853e-27,1.966233084727317e-23,5.3525710418952274e-30,5.623515162502324e-26,2.2890028786740443e-48,7.43685665913793e-21,1.0630279663394907e-32,0.0,2.929536672166253e-19,1.3441476606844567e-21,1.887819029494028e-22,5.299686961936946e-26,3.948324102634139e-46
0.025500000000000002,0.2709773366808412,298.0000816104423,1.1711407953919317,0.6944526996476077,0.0,0.04169791612159508,2.2970619992040427e-17,0.052885269819262226,0.2109613841392988,4.279192808638864e-09,0.0,1.0362219896631205e-55,2.813764315650262e-25,2.7063440397834832e-24,2.7247501662248754e-06,0.0,2.3802537622308814e-24,2.0472746927682345e-12,4.142251909625526e-14,1.0116557271289601e-09,3.666621322395371e-11,1.0059240479976174e-28,1.5174833024509666e-34,7.740315385411683e-19,2.849739547713656e-13,4.4303819730676104e-32,5.017209339439761e-42,3.915741786288217e-12,4.591077080271831e-47,3.48795808596395e-35,1.2167512074380972e-13,1.5354355559363801e-24,5.1574515718951657e-14,3.0747071303031323e-31,3.220057546484574e-12,2.791012569982476e-13,1.5756716283103888e-29,4.260884954254336e-28,7.305622701114912e-29,4.052166711928411e-31,7.818557238081216e-16,1.6301118218726423e-28,1.8278700533946556e-10,1.9613448791400007e-14,1.8155572777865939e-13,1.2313324515023046e-12,1.299416249762632e-29,8.668463174806573e-18,1.9429235873278332e-14,1.1876953850735764e-14,4.560346954966416e-32,3.568612283814647e-16,1.4869680872340685e-16,4.7278897025165014e-14,3.445100164513357e-15,2.2885090267059353e-18,6.929439156014379e-30,2.097073248769748e-51,3.835881940503297e-19,8.90159785283933e-48,5.9721866659931294e-30,4.4557291459094475e-31,3.8479809811069845e-25,1.1881584405343692e-21,4.607599265518665e-16,4.0704261180455026e-22,6.2118919594816766e-18,1.9844834831714805e-28,1.3688395249747427e-14,6.65699556979127e-21,1.287171880640985e-40,2.528314180069542e-21,1.624124719037137e-30,8.91124795641713e-33,2.3033215207694493e-29,2.6121901869634875e-34,1.877110833723095e-31,1.7932560529156096e-15,4.686142390622445e-19,5.054785442110161e-17,6.201996046573891e-16,1.1842374732310516e-24,2.705777613541818e-13,2.084430374367407e-28,2.27284616512258e-20,2.987512743267252e-48,1.5326649238910414e-28,1.5997931486157556e-31,5.81356251792909e-35,2.587351716520386e-40,6.686519393023708e-23,1.7111533593199486e-22,1.5152228353888732e-28,0.0,9.369649294037783e-36,2.1672377531841492e-17,9.074153009665447e-35,1.4659432336132377e-31,1.048792321368157e-30,0.0,8.314178196543827e-33,9.549129606548311e-19,4.574020690137584e-26,2.5832221533395216e-16,3.170326964054423e-18,7.829063134026757e-21,1.3595689251046718e-32,1.1877287388211851e-23,3.532202088057281e-19,7.918424655318486e-20,5.653440033084266e-18,7.510403496578019e-69,1.3374882374025808e-16,3.6928381851080196e-21,2.118873847195133e-18,2.4775464775402334e-18,3.655822192676577e-20,1.5942885861770895e-34,9.659594150295379e-29,1.84954671810034e-15,2.6861612404182598e-18,2.604214760438857e-33,1.512459302685142e-19,0.0,1.3587333621630239e-21,2.9915879288271934e-18,0.0,1.9089409940557939e-16,6.753858346607225e-19,9.75321589966664e-16,5.024276821102583e-21,3.8762261195792386e-21,2.1012086591891944e-19,8.787413117158179e-20,4.0408373323923975e-23,2.010027637643088e-27,2.068896590004434e-23,8.313509631909727e-29,7.8069179595399675e-25,4.8243927744878075e-46,8.559912249345904e-20,1.1108267472806178e-32,0.0,4.063239656768363e-18,2.2377953788236776e-20,2.7765927498829087e-21,7.350648206528636e-25,4.495462618194177e-45
0.026000000000000002,0.2709935007542115,298.0005764048401,1.1710709398208905,0.6944490803053526,0.0,0.0416982452181407,1.7015126223412388e-16,0.05288486287705457,0.21096061133778965,3.103731902149577e-08,0.0,9.198419634488037e-53,5.482232840296512e-24,2.4566590528599592e-23,7.159947000580214e-06,0.0,2.3797215315149912e-24,1.5125268968681022e-11,4.277918111743904e-13,7.489626375836046e-09,3.5093177329639764e-10,7.267913158486554e-27,8.301607113092906e-33,5.733744541886941e-18,2.7359888233041986e-12,3.61150985312221e-30,3.3466356779636663e-40,3.525975573853691e-11,4.135385223749728e-46,1.9131594882998967e-33,1.1879425451729437e-12,1.2297477774042616e-22,5.682500251824568e-13,2.1249824692780292e-29,3.004366803467193e-11,2.8098354614406154e-12,1.1738996491397536e-27,3.3808795527099626e-26,5.9022874060878215e-27,2.806709854722004e-29,8.689916909459347e-15,2.3726957610866116e-27,1.3310705336024945e-09,2.131455913748682e-13,2.0634704544104306e-12,1.1173519295618288e-11,1.192717025327778e-28,1.262741398985685e-16,2.751108363005318e-13,1.4230488124992904e-13,3.670670509504778e-30,2.5208252928527676e-15,1.2209316651740886e-15,6.475606884617393e-13,5.148071529401229e-14,3.6153088107022857e-17,1.0836426601750996e-28,2.4781569351527435e-49,2.841154591817882e-18,1.284513121459813e-45,5.972414910839047e-30,4.455907526195409e-31,7.482562269457269e-24,9.75524126271746e-21,3.782960496737671e-15,3.341966112026986e-21,6.212261810758663e-18,1.9845041169565813e-28,8.154156217494511e-14,1.2300035565542274e-19,1.3030834092732492e-40,2.6394778427315255e-21,1.625083283340778e-30,8.088801941659816e-32,4.360949448045145e-28,1.4289379147140044e-32,2.3114566382836735e-31,2.1050397965508966e-14,1.1279332827013375e-17,7.346988876372157e-16,9.39575996729545e-15,8.772601801569998e-24,2.8089470336270373e-12,1.5408190696634673e-26,4.952538000365944e-19,2.1105494944378994e-47,1.2336687497668768e-26,9.276531075301742e-30,8.984042902019077e-34,2.5903603749239045e-40,6.697721233724167e-23,3.553427018450468e-21,3.295499904978835e-27,0.0,8.63478241846354e-35,3.918766033510389e-16,8.234029996828428e-34,3.4918729878849414e-31,7.82600146254935e-29,6.995607017259665e-23,1.607130332899406e-31,1.6935614752985243e-17,8.451504840381167e-25,4.503492549562077e-15,4.699776033988036e-17,1.4586570648227026e-19,2.0812597608789068e-30,1.5050683751912013e-22,7.334604816835135e-18,5.177988914765129e-19,1.0556789876527186e-16,5.542923931654207e-66,2.4628061876014457e-15,4.54710392123051e-21,3.3778259116027827e-17,4.337631480376788e-17,9.310593928838457e-19,1.0218801515994274e-32,2.397423933879723e-27,2.7776139408314522e-14,5.285696048580558e-17,2.3643165908991326e-32,2.3427259579331563e-18,2.3702818469743337e-52,9.832992455204357e-21,5.781858062653766e-17,9.115394569933715e-30,2.8127219971337064e-15,1.1381335791737754e-17,1.2379144966220087e-14,9.775412062385421e-20,7.287259592957418e-20,4.165100164103369e-18,1.5396287252249136e-18,9.625159097821992e-23,4.663421230921664e-27,4.8014378770485673e-23,1.6204923425783512e-27,1.3917543723505477e-23,1.7751874855979165e-43,1.2591028468832918e-18,2.577249978987339e-32,0.0,7.242371534372833e-17,4.537851946821653e-19,5.256758843938174e-20,1.310220043935684e-23,6.535128269314906e-44
0.026250000000000002,0.27101333941045264,298.00199935729023,1.1709852153548561,0.6944448188149597,0.0,0.04169863385580908,6.230841747385884e-16,0.05288434155403283,0.21095966813224964,1.099290685701272e-07,6.16911629393446e-47,7.510301043058312e-51,3.4819141479876596e-23,1.0447776851782635e-22,1.2394028124273645e-05,0.0,2.379145792723509e-24,5.4345491254264276e-11,2.0146786111175947e-12,2.6956531070194878e-08,1.5522295979937745e-09,1.2328189436183622e-25,1.1130789500409238e-31,2.100042473992076e-17,1.2132693758215904e-11,6.584465363903858e-29,5.158260503526018e-39,1.4838589586449187e-10,1.7481053822217275e-45,2.5648653209201376e-32,5.341014408880975e-12,4.221299494630624e-21,2.824725119426879e-12,3.371223486030691e-28,1.3014519592866472e-10,1.2956858595205608e-11,1.9831868444111142e-26,6.047452300293187e-25,1.1111241434526117e-25,4.468779405903023e-28,4.3513650142492855e-14,1.496493635163587e-26,4.729173305461772e-09,1.0473819126062433e-12,1.0528351019140834e-11,4.7317840307673465e-11,5.285477559152521e-28,7.971053620547707e-16,1.6936531804470657e-12,7.591968269059998e-13,6.606084413306886e-29,9.426853773625509e-15,5.6960770191775334e-15,3.873776012531185e-12,3.3214827491156535e-13,2.4489016849804295e-16,6.443571103280455e-28,7.600897297173661e-48,1.0397717839542398e-17,2.9854243880371344e-44,5.973498936076535e-30,4.456739570983166e-31,4.754950133888365e-23,4.5507640186916023e-20,1.7642548375982435e-14,1.5590235113080823e-20,6.213363238601702e-18,1.9847436991651284e-28,2.1954331568061625e-13,1.030563568799255e-18,1.6552859067902586e-40,2.6977469911623886e-21,1.6296073316751845e-30,3.4399606921867754e-31,3.468470918137194e-27,1.915808018179522e-31,4.720667368330212e-31,1.1037229526449669e-13,1.1287300167015526e-16,4.62714994461481e-15,6.13512821021882e-14,3.213186269805158e-23,1.3323147325905639e-11,3.026002415333455e-25,4.436636060742254e-18,7.894473083108583e-47,3.813588169336347e-25,1.619615897069007e-28,5.401894950544056e-33,2.6053272795630643e-40,6.707862364776194e-23,3.0782240192236297e-20,2.9464602025541416e-26,0.0,3.906862167380032e-34,2.9867874798849957e-15,3.487135387206537e-33,2.4440914886052753e-30,1.7471209765371225e-27,6.824256914424455e-22,1.3041829340882092e-30,1.2723214014573146e-16,7.081510525273238e-24,3.327899352442675e-14,2.736307525832954e-16,1.1947691694240217e-18,7.633707135282072e-29,1.6373762331943454e-21,6.356064078757446e-17,1.8193038738506207e-18,8.294898582537071e-16,7.592386070887889e-64,1.9106303936218513e-14,9.285203058409487e-21,2.2976309080982587e-16,3.217383620986257e-16,9.371710424664974e-18,1.6181924349706895e-31,2.4168367486401303e-26,1.7998983771512967e-13,4.351945460844992e-16,1.0020194587431728e-31,1.5725870441449792e-17,1.7130940832264696e-50,1.0053711148188378e-19,4.690381293781721e-16,8.893735406769678e-29,1.792624460310418e-14,8.160921932721073e-17,6.93643199850066e-14,7.965693538828309e-19,5.758702665902737e-19,3.44675891826462e-17,1.1464332651502483e-17,6.735202688357882e-22,3.2515436849190525e-26,3.2612168816418607e-22,1.3207780030538094e-26,1.0507289744271302e-22,9.209170658777252e-42,8.012803621992276e-18,1.7970630766488809e-31,4.0450666996371655e-22,5.457711890373094e-16,3.8232890479656684e-18,4.1802346283493216e-19,9.874255439107264e-23,4.120226201972496e-43
0.026500000000000003,0.2710540976619303,298.00792819227047,1.1708091349698122,0.6944367219598311,0.0,0.04169937638661364,2.6904408183306743e-15,0.05288319830048153,0.21095774090369687,4.4636912417605256e-07,9.600252122519549e-47,1.0351297135744148e-48,2.7267611694797673e-22,5.184735576090918e-22,2.2375046494677325e-05,0.0,2.3781327134143714e-24,2.2421345416596418e-10,1.1233707487809703e-11,1.1144829650338454e-07,8.0755583077863e-09,3.1293353579537698e-24,2.0758320867248383e-30,9.073414654242132e-17,6.329987620118326e-11,1.6840967681856266e-27,1.097192880130799e-37,7.305034499198765e-10,9.856843128970615e-45,4.781044605322399e-31,2.8294105425164474e-11,1.2301178723025865e-19,1.6716848897306553e-11,7.401704122057359e-27,6.616132420587886e-10,7.058717955115475e-11,4.666883106696773e-25,1.516399006446151e-23,3.0544278897686378e-24,9.854344295450255e-27,2.595924659089025e-13,1.150115930372183e-25,1.927032582883184e-08,6.1203235655619855e-12,6.411822947735347e-11,2.3457312510246877e-10,3.2112187526956612e-27,6.133900074760591e-15,1.2659977657766531e-11,4.85526283041514e-12,1.6670775023044014e-27,5.013552406791201e-14,4.030860954484421e-14,2.806882786433603e-11,2.612306965494816e-12,2.0300150252609042e-15,4.837648058433993e-27,3.617270155225419e-46,4.489305771602872e-17,1.0092308720634876e-42,5.978690612473248e-30,4.4607100603253175e-31,3.729988406449605e-22,3.2196294962562878e-19,1.2479879805599285e-13,1.1030743203812453e-19,6.218013432805903e-18,1.986026041839748e-28,7.799279207903134e-13,1.0773650547300735e-17,1.3711799939155511e-39,2.799242418384424e-21,1.6629865321327307e-30,1.7071580702037533e-30,3.4224652844644874e-26,3.5724777682198655e-30,2.3352255648646457e-30,6.925724156333939e-13,1.434848805604791e-15,3.5453340155677163e-14,4.888151324875776e-13,1.3885645726358777e-22,7.504725645708209e-11,1.0540110349136182e-23,4.647229429364121e-17,4.204974728957506e-46,9.551721750096439e-24,6.096273431978186e-27,4.5748528651704246e-32,2.7270541502342173e-40,6.788325375564361e-23,3.32133491554512e-19,3.286208048596412e-25,0.0,2.4854839719597886e-33,2.7873939530231664e-14,1.7293494385111217e-32,3.200598013765154e-29,7.170832910249378e-26,6.756326910067612e-21,1.3136280529611765e-29,1.1790509967061909e-15,7.404841448308467e-23,3.029460943050803e-13,2.242075405555232e-15,1.217229517036559e-17,5.2509277995726274e-27,2.339662980477953e-20,6.860866492731815e-16,1.2221635016781935e-17,8.064441277631893e-15,1.1550916029560282e-61,1.8323644104306611e-13,4.59052403902954e-20,1.9127679064027798e-15,2.9406726643716605e-15,1.1838381761961295e-16,4.2658880124700024e-30,2.8148895999601725e-25,1.4222744483392668e-12,4.4476429871350545e-15,4.97563947247456e-31,1.291622553835829e-16,1.211027453079846e-48,1.4252656923538984e-18,4.718569588440586e-15,8.812613191893095e-28,1.391296088732943e-13,7.192652314771381e-16,4.680452446595817e-13,8.044144998569066e-18,5.632916465918012e-18,3.5413962341109874e-16,1.052396546485037e-16,8.811491676473674e-21,4.293170116073221e-25,4.203539918458251e-21,1.334397351781554e-25,9.778788818787857e-22,7.428799441318513e-40,6.209022188439695e-17,2.3732448648875793e-30,1.1884456917139542e-20,5.073783474763985e-15,3.8983607988776976e-17,4.1224662466311365e-18,9.182229672880793e-22,3.162455656862185e-42
0.026750000000000003,0.2711440232663515,298.0326173405412,1.1704208331446213,0.6944213748840267,0.0,0.041700800123185895,1.3874154911169764e-14,0.05288042706384264,0.21095349270258673,1.8811663320717597e-06,2.478907088792715e-47,2.2761244529613308e-46,2.6308339858088225e-21,2.6702812314979876e-21,4.1409178783235974e-05,0.0,2.376365980903293e-24,9.59962151032104e-10,6.478093192218207e-11,4.781756343058889e-07,4.3499193918032695e-08,1.0195941454740936e-22,5.520417495214914e-29,4.68833971349126e-16,3.419191172928617e-10,5.309950329734162e-26,2.8933924650548092e-36,3.725983029478087e-09,3.775886409701597e-43,1.2719132929356042e-29,1.5515165158235211e-10,3.674136618859758e-18,1.0224490619378333e-10,2.010853431171139e-25,3.4833720884588688e-09,3.979047148496052e-10,1.3566767617430205e-23,4.688815492949757e-22,1.0440348734887279e-22,2.689064456112908e-25,1.6003514165718248e-12,9.101001193320722e-25,8.149603131168542e-08,3.696877068872703e-11,4.033888253362205e-10,1.2047244988025185e-09,3.633113647200997e-26,4.858578772382942e-14,9.741960123983322e-11,3.2052611611403186e-11,5.194248779152187e-26,3.0930556388476263e-13,3.300777391069487e-13,2.0951983214917605e-10,2.113633250723726e-11,1.7296369112782888e-14,4.5580683470732183e-26,1.896209422688933e-44,2.314987461927442e-16,5.018494168784239e-41,6.001643284681769e-30,4.478240800910706e-31,3.605922980545629e-21,2.6346122395716544e-18,1.0202995744985488e-12,9.029588892257353e-19,6.2375251141972575e-18,1.9919169217646073e-28,2.9865098334640015e-12,1.1537072701073393e-16,6.189937351031182e-38,3.615467972106529e-21,1.9755534658151604e-30,8.796046534118636e-30,3.4677220898291093e-25,9.498598878410959e-29,1.67741149381627e-29,4.487356700765441e-12,1.8676668715998215e-14,2.795808589356631e-13,4.005761067052808e-12,7.180412550400936e-22,4.3758695344278583e-10,4.396102301542258e-22,4.940914295742972e-16,2.6106468607405967e-45,2.3861574528182914e-22,3.0732410234360004e-25,8.979845177254453e-31,4.6606059957179e-40,7.991922279087579e-23,3.667267611958358e-18,3.748439561112452e-24,0.0,2.8793765270887285e-32,2.6648803059316254e-13,8.898089090301701e-32,4.504523226182919e-28,3.565737040704952e-24,6.699112111584001e-20,1.360406410287549e-28,1.1209492851498132e-14,7.9373469442309785e-22,2.830089164464152e-12,1.862710992992031e-14,1.2705927414236169e-16,4.275746809012295e-25,3.4182326275053537e-19,7.578532627971798e-15,1.23883291903272e-16,8.03707648634829e-14,3.261498473134077e-59,1.8016260556863255e-12,3.289373782205392e-19,1.6365395017506745e-14,2.7580451811863037e-14,1.5262729221002813e-15,1.351353242515458e-28,3.316748484340803e-24,1.1561079874388023e-11,4.6556009185961436e-14,2.5654993858541667e-30,1.0906538635097802e-15,9.867433618352714e-47,2.0772587802402176e-17,4.863277909260891e-14,8.765585058088458e-27,1.1111201534153459e-12,6.5090342152326185e-15,3.257320742584703e-12,8.320760801151029e-17,5.647501301552369e-17,3.7264475279973465e-15,9.91287193674792e-16,1.2357783540346178e-19,6.081209796425054e-24,5.821572364276941e-20,1.3825123910780034e-24,9.363010081394025e-21,7.974993912909896e-38,4.950927271634017e-16,3.364590167508337e-29,1.1869087972882662e-19,4.838829322283997e-14,4.055818282317414e-16,4.1672414888767966e-17,8.767308118499649e-21,2.510010421888967e-41
0.026875000000000003,0.2712386203618658,298.07423190335,1.1700126375447573,0.694408586384902,0.0,0.041702010514499226,4.878523462109175e-14,0.05287722040506869,0.21094896512217198,4.3548573177081505e-06,0.0,1.184970549581796e-44,1.300491003934154e-20,7.210135192813974e-21,5.740081460597319e-05,0.0,2.375003073750738e-24,2.247018744629748e-09,1.8801212483143634e-10,1.1208694020742766e-06,1.20054328103851e-07,1.0419032104595455e-21,6.835709444565584e-28,1.6557419394829169e-15,9.45610454380362e-10,5.695284927036035e-25,2.709703344149495e-35,9.88015345395439e-09,1.587781721894014e-41,1.5773654480576985e-28,4.3389554919207884e-10,4.4313303048431813e-17,3.103701696693256e-10,1.9210850032377697e-24,9.45362078963864e-09,1.1358772752736177e-09,1.364265368604687e-22,4.970825714322147e-21,1.1745537946814185e-21,2.5846059327279278e-24,4.8872868728857034e-12,3.3857055083616464e-24,1.8912003324919148e-07,1.1116168100555712e-10,1.2511462240130598e-09,3.210729020068477e-09,2.9137521419221923e-25,1.8048482241944518e-13,3.5349506702615017e-10,1.0316344533008445e-10,5.49672641574978e-25,9.852770851959433e-13,1.30998859042429e-12,7.424259136923152e-10,7.987645829266611e-11,6.815632298164751e-14,2.2396227733045966e-25,2.365979821867085e-43,8.134934460202381e-16,8.71156489367697e-40,6.041447053178127e-30,4.508629531978874e-31,1.78539442132833e-20,1.0445471253644994e-17,4.036454724916584e-12,3.582237579610472e-18,6.270622362567192e-18,2.002260183129364e-28,5.952868064523956e-12,5.494686129217756e-16,1.0723908581456098e-36,8.459844415717304e-21,3.322251655166615e-30,2.3771765169140242e-29,1.57962876471047e-24,1.1760930315442194e-27,6.06538963353469e-29,1.4235841765082334e-11,1.0522297348023938e-13,1.0350046215550817e-12,1.529460988756248e-11,2.5389608929602918e-21,1.281458843829139e-09,4.620843311169979e-21,2.336776395714071e-15,8.4030261087812e-45,2.412786053588282e-21,3.8811373748664985e-24,1.195171280079371e-29,2.5428688522243622e-39,1.5328467537170264e-22,1.7923471595259693e-17,1.8833715486308876e-23,5.114142570558249e-21,2.262696184721852e-31,1.1540781280683966e-12,2.3793889495548252e-31,2.7312457449695963e-27,4.3068465930865337e-23,2.9849073540611787e-19,6.322987245630537e-28,4.832776423842055e-14,3.786539139812904e-21,1.2025611797886784e-11,6.724153724183382e-14,5.922351529274198e-16,7.596047625709227e-24,2.128780237176928e-18,3.705218578065237e-14,6.572710221950268e-16,3.6035319335409714e-13,2.64180139777428e-57,7.984989315066603e-12,1.1845236832658844e-18,6.470641412918517e-14,1.1757914528673482e-13,8.519684299832143e-15,1.1470749058065434e-27,1.7102153108412516e-23,4.385395566246538e-11,2.1750670409935615e-13,6.877481570607507e-30,4.26650479655715e-15,1.7551984620338245e-45,1.2913367157664474e-16,2.242718005337227e-13,3.926248879845506e-26,4.1552654118233025e-12,2.6943411359329106e-14,1.092294485197036e-11,3.848718425739236e-16,2.5447912785084885e-16,1.7486617067674657e-14,4.241030579888279e-15,7.4503532415033155e-19,3.6971064878436123e-23,3.467656877244099e-19,6.410821606122021e-24,4.087159786215215e-20,2.3805904186325543e-36,1.8491924513596968e-15,2.048522611257442e-28,5.046211870162329e-19,2.091571498309997e-13,1.8844835101766342e-15,1.8907081522949261e-16,3.7971680986811104e-20,9.43668987271058e-41
0.027000000000000003,0.27141888675525405,298.18154121638514,1.1692355583926377,0.6943901545949058,0.0,0.04170380570652162,2.333226295174441e-13,0.05287067318401321,0.21094008733468733,1.0864374054026908e-05,1.6327150443287e-45,1.6681421557845727e-42,8.977984020211499e-20,2.1932290707101336e-20,8.064267703096762e-05,2.0321980091514446e-84,2.373161757268783e-24,5.677401918880345e-09,6.070621454059822e-10,2.836572843676367e-06,3.6611650605636054e-07,1.51477891184621e-20,1.5629957030115507e-26,7.950336986719381e-15,2.890442978014589e-09,9.298130786983166e-24,3.8185818820477783e-34,2.878600241841183e-08,1.5618586916359998e-39,3.615116795626125e-27,1.3432478644534443e-09,4.433819755334554e-16,1.0548467510912952e-09,2.7557267274272016e-23,2.8282161228701102e-08,3.599805610212852e-09,2.0716859729228512e-21,7.985762291071641e-20,1.9172608288953405e-20,3.732101212232011e-23,1.6724296452552274e-11,1.4572151867582253e-23,4.731279993552369e-07,3.7375447254127305e-10,4.357498771395884e-09,9.408855417214529e-09,4.3920109345088645e-24,7.712721651704382e-13,1.4701013805721092e-09,3.7471090769685405e-10,8.853472865962313e-24,3.678741989865366e-12,6.174713214271229e-12,3.0063303634960717e-09,3.477456482810284e-10,3.1097103846880453e-13,1.545540795022184e-24,3.8651238280170935e-42,3.885796536468631e-15,2.8683146315010065e-38,6.146308965966011e-30,4.588692124849897e-31,1.234650023071968e-19,4.9117087047865757e-17,1.8899344777009255e-11,1.687277213277591e-17,6.3568218817998245e-18,2.029637083722207e-28,1.3874876632742496e-11,3.095681916908804e-15,3.5297201520419143e-35,5.0757885039068906e-20,1.3264843595873026e-29,7.24914006706253e-29,8.525099142008362e-24,2.6890032017895107e-26,2.5449332058557414e-28,5.086748257586264e-11,7.138881405371542e-13,4.402781256955439e-12,6.735905261110414e-11,1.2229208012920491e-20,4.18182524545342e-09,6.322113088974028e-20,1.2709699520711653e-14,3.2244206060871893e-44,2.2187016088070805e-20,6.796879144815327e-23,2.8775573195708216e-28,5.086001756486725e-38,7.765189783291992e-22,1.0390587423657705e-16,1.1256286354066754e-22,4.124474477735873e-20,3.2904277042014485e-30,5.831984519519887e-12,7.03481633663328e-31,2.020122704048009e-26,6.949146847877547e-22,1.5612914415182795e-18,3.50668579475032e-27,2.4379771442722887e-13,2.1424535362224015e-20,5.969202510604253e-11,3.1107807851527054e-13,3.2579442344817313e-15,1.8759013426330305e-22,1.609159264753862e-17,2.1487985953399176e-13,4.492191006468123e-15,1.898821857772178e-12,3.650273064531275e-55,4.1535659795766575e-11,4.9173597236028095e-18,2.9635186630675425e-13,5.857675427488267e-13,5.7156216138678e-14,1.2548879296412659e-26,1.0139048974228328e-22,1.9172320247157221e-10,1.1996071458274477e-12,2.0421873529290026e-29,1.930818743008286e-14,4.391441333044474e-44,9.742489881658479e-16,1.2192174700768862e-12,2.080189839728282e-25,1.78785510660745e-11,1.298912719862115e-13,4.1560651965188994e-11,2.098528491046164e-15,1.3483585060053517e-15,9.691509467408994e-14,2.1212186459673638e-14,5.432325306396289e-18,2.7204836934341067e-22,2.5030965191845625e-18,3.5175187681861095e-23,2.112202398038382e-19,1.4194710525468875e-34,7.94524673163589e-15,1.5130925769577362e-27,2.4921233507726702e-18,1.058166567818754e-12,1.021820710857593e-14,1.0101028859306623e-15,1.9308934151779347e-19,4.1800187582795206e-40
0.027125000000000003,0.271790976343187,298.45790285805447,1.1676348416103057,0.6943635926981889,0.0,0.04170651466752302,1.3923661640066148e-12,0.05285648306431706,0.21092092095115883,2.7982700168576052e-05,0.0,5.043221890391055e-40,8.000497066832961e-19,8.151365054113805e-20,0.00011440859555720569,1.4577372771212407e-83,2.3706935327456383e-24,1.4818503980106315e-08,2.0298479671937135e-09,7.414250100357573e-06,1.1565170410926291e-06,2.656774441206746e-19,5.539826433682148e-25,4.757232206866558e-14,9.151624179004405e-09,1.9663538407949036e-22,7.075501445647526e-33,8.683031803864444e-08,2.5893624292484746e-37,1.2869288455896162e-25,4.307844517679346e-09,4.395840551720695e-15,3.7160614509496593e-09,5.12697759250959e-22,8.762480546819999e-08,1.182112504072279e-08,4.070849818161015e-20,1.6491855796978956e-18,3.848363364157052e-19,6.995396253387272e-22,5.932284722261496e-11,6.605502967488513e-23,1.222129686793793e-06,1.3025466114120068e-09,1.5732249146036697e-08,2.8550652754665623e-08,9.327499073891932e-23,3.415390239132911e-12,6.3326703978479e-09,1.4109703809215768e-09,1.8482044493560304e-22,1.4272856199315961e-11,3.0422492479529236e-11,1.2617229862215773e-08,1.5683921173200938e-09,1.4693821656393996e-12,1.3919605955728515e-23,7.951725446770162e-41,2.3068586578555276e-14,1.511955406158368e-36,6.426049158245907e-30,4.8024023071261965e-31,1.1034521894748115e-18,2.405755462255931e-16,9.156990107598324e-11,8.300486712010441e-17,6.584129661200479e-18,2.102596819658525e-28,3.650964087622066e-11,1.8019461006192367e-14,1.8591832088143674e-33,4.2147299109910745e-19,1.0702482231643711e-28,2.712274395871405e-28,4.8336745234734004e-23,9.531143753754384e-25,1.1277814250069686e-27,1.8842221580936818e-10,4.991343932540097e-12,1.9406247412046056e-11,3.0731167578686906e-10,7.375290209780331e-20,1.4140309553248646e-08,9.306890508228366e-19,7.09413217622629e-14,1.3423114281312604e-43,2.0301726027675027e-19,1.2825533622334824e-21,8.147725739440993e-27,1.4190673226800228e-36,6.0686679421335436e-21,6.221005735657457e-16,6.94496925134802e-22,2.7855515544313077e-19,6.868160882692287e-29,3.046268636298485e-11,2.1848126603797685e-30,1.5719646477112377e-25,1.2274878589516524e-20,8.444557429303382e-18,2.0735799873746375e-26,1.2724230937651777e-12,1.260868363700151e-19,3.0659783590057777e-10,1.5275764642985241e-12,1.8522532437720938e-14,4.962525308975332e-21,1.2510871092265927e-16,1.2869919787691885e-12,3.240710377612981e-14,1.0346354774241508e-11,7.037609796947871e-53,2.2334670549975982e-10,2.1192064131853015e-17,1.405581926403651e-12,3.0196019910058234e-12,3.9514769863863224e-13,1.4773916768254184e-25,6.148283066940913e-22,8.68337892087768e-10,6.8375163760931936e-12,6.386527889357501e-29,9.04992874075419e-14,1.2151799563063552e-42,7.560238475656672e-15,6.85115232276748e-12,1.1623488312780933e-24,7.970077055498046e-11,6.481679052819378e-13,1.6392968897227318e-10,1.1825884609079976e-14,7.386585786287117e-15,5.550646993093341e-13,1.0977667181104745e-13,4.076318656629308e-17,2.0595909062812617e-21,1.8599755761175848e-17,2.0140797290958487e-22,1.1775955718745778e-18,1.3460835457610134e-32,3.537012230401148e-14,1.156697402248277e-26,1.2720186894944197e-17,5.5384738660549744e-12,5.711224389434927e-14,5.580110373477233e-15,1.024007109066655e-18,2.0848000584798324e-39
0.027250000000000003,0.2726141174855222,299.16800761528185,1.1641092418129866,0.6943251318526645,0.0,0.04171072088807727,9.031693421688432e-12,0.05282431225362589,0.21087603513727918,7.291616270139534e-05,0.0,2.1124396147259766e-37,8.15172094541641e-18,5.643930766761432e-19,0.00016340606703445996,2.8506640701580847e-83,2.367420106913203e-24,3.916368029466605e-08,6.842737844811818e-09,1.9609403306869968e-05,3.6911299063959794e-06,5.049725798481104e-18,2.3026533535053722e-23,3.0950998229192764e-13,2.9271578300258638e-08,4.590288283895384e-21,1.5069491783944438e-31,2.6473736817281617e-07,5.441586294543665e-35,5.405100019577015e-24,1.3954925401267093e-08,4.307509847365604e-14,1.3211136051822398e-08,1.0577051529323529e-20,2.743319448406921e-07,3.9205240316010426e-08,8.80910195352504e-19,3.688703317248892e-17,8.344198130306983e-18,1.458810939232809e-20,2.1233855920707918e-10,3.14845268903006e-22,3.194038114972605e-06,4.581815260938773e-09,5.730886830698235e-08,8.75886418797271e-08,2.229783232423111e-21,1.5224663663246812e-11,2.744265301369266e-08,5.358352656408845e-09,4.257218793117307e-21,5.427061100214311e-11,1.515834391071705e-10,5.334154579347584e-08,7.119548011172226e-09,6.9852233662013836e-12,1.4697917233055748e-22,3.0909805186757225e-39,1.475432014633746e-13,9.76836847859714e-35,7.204466240248154e-30,5.39814752217626e-31,1.135123391132916e-17,1.1812453252485386e-15,4.3732547269783154e-10,4.121820821820073e-16,7.204165181617043e-18,2.304520345601105e-28,1.07300820316929e-10,1.0531541211699913e-13,1.1989872595229703e-31,3.665444375175562e-18,1.140555406944084e-27,1.9107049751659604e-27,2.8665023680897976e-22,3.963304522310116e-23,5.281623527397356e-27,7.039831395378086e-10,3.4980832573801646e-11,8.611989741407111e-11,1.4110854854123055e-09,4.895849421320322e-19,4.8240785068898516e-08,1.380464730469857e-17,3.965703677167198e-13,6.1139760792801e-43,1.85782347073912e-18,2.351667589666265e-20,2.3589358435738e-25,4.244521892423886e-35,5.091352845841312e-20,3.738923691510145e-15,4.3003886044015615e-21,1.8340958672517886e-18,1.662121708665831e-27,1.5989489215723128e-10,7.118323553714466e-30,1.29689113567843e-24,2.2549700971067783e-19,4.588989376122349e-17,1.3329315894014165e-25,6.674814551897275e-12,7.579561670524129e-19,1.5830297839088659e-09,7.456724573063768e-12,1.0575748946729042e-13,1.304129577291106e-19,9.745175053662612e-16,7.737757323704022e-12,2.361148862890979e-13,5.6639898950728506e-11,1.510388908976493e-50,1.2053885101683047e-09,9.201426545047749e-17,6.706876955750555e-12,1.564705418403237e-11,2.7391901015048562e-12,1.724458873736909e-24,3.727759721595277e-21,3.958456697437009e-09,3.913829779414978e-11,2.105416107963244e-28,4.267981713183065e-13,3.623818106468734e-41,5.877854900268445e-14,3.866790663256895e-11,6.862780653461037e-24,3.576747624698948e-10,3.252319346672783e-12,6.517796073661399e-10,6.693300658216933e-14,4.0640778057211616e-14,3.1924652202544367e-12,5.710540768735272e-13,3.0657948691805897e-16,1.5624587435469998e-20,1.3845311241894656e-16,1.1879141824420101e-21,7.475159341123462e-18,1.4743386669213446e-30,1.5851632291199925e-13,8.99605021424552e-26,6.525369319809669e-17,2.913523526675612e-11,3.20386652489709e-13,3.09667975376264e-14,5.5715387271295564e-18,1.3503148416222237e-38
0.027375000000000003,0.2745295305210398,300.9844831676584,1.1559871647005415,0.6942684946721386,0.0,0.04171753185470407,5.764551868886279e-11,0.05274925404455433,0.21076483339379082,0.00019028395661480605,2.2719898227287224e-44,9.056148364685813e-35,8.846151055064399e-17,8.059981230949036e-18,0.00023427547145087052,4.045600548882277e-83,2.3631477663609053e-24,1.0391254574373014e-07,2.2982259444953276e-08,5.1966178636065525e-05,1.1782587003277019e-05,9.676999642670617e-17,9.142989971690885e-22,1.9918992070839533e-12,9.361146819746941e-08,1.0681934770455626e-19,3.5408411401710736e-30,8.076004589504158e-07,1.2249478932131582e-32,2.2029491474800827e-22,4.519486934472452e-08,4.121877648364536e-13,4.69233350758487e-08,2.199514138778217e-19,8.590607018593719e-07,1.2999915741826395e-07,1.8894871570844212e-17,7.840734700471126e-16,1.7485227756341207e-16,3.0865194627483184e-19,7.592852433866199e-10,1.6757336173940159e-21,8.361812735613139e-06,1.6105475325802693e-08,2.0855966240921017e-07,2.6904253254989025e-07,5.374802400913114e-20,6.769250089861936e-11,1.1842549093941041e-07,2.0323983512531744e-08,9.786905921203646e-20,1.9430785759628837e-10,7.617698747057864e-10,2.250555675646235e-07,3.223039079009454e-08,3.31170307151558e-11,1.7549967986486244e-21,2.7203733801377384e-37,9.0938269428885e-13,6.401979967794467e-33,9.633369113738291e-30,7.265985276178777e-31,1.2659474372225338e-16,5.723110226205192e-15,1.9758737482098294e-09,2.055124857696101e-15,9.051727634269498e-18,2.964930870660725e-28,3.584851133509339e-10,6.132933047346929e-13,7.834709781269706e-30,3.1899146684375846e-17,1.4427012892733957e-26,2.8484942776292146e-26,1.8725157584302474e-21,1.5756341855707506e-21,2.853907484280711e-26,2.626838182804286e-09,2.439824599330353e-10,3.812913039260117e-10,6.4630962714288464e-09,3.3176549590916942e-18,1.6423232918040064e-07,1.9925473238728314e-16,2.1976263478158455e-12,3.456085808304343e-42,1.702249809607346e-17,3.8961837520017203e-19,6.650972257018976e-24,1.3225030621844518e-33,4.2883282070100216e-19,2.2388918838586837e-14,2.6529900284410643e-20,1.1977010716653337e-17,4.2335545987443203e-26,8.366170623571226e-10,2.5521249992057864e-29,1.2273363432275539e-23,4.313906252727809e-18,2.4854993287079616e-16,1.0421976233581452e-24,3.49040278315883e-11,4.74061894197868e-18,8.148100870734011e-09,3.510782527411032e-11,6.017055021470547e-13,3.2545283309466395e-18,7.5571355316975e-15,4.6349152231258466e-11,1.7177980109937807e-12,3.0904106344707804e-10,3.194835784473762e-48,6.46832712341645e-09,3.9868949308267847e-16,3.191556105690422e-11,8.082959344210279e-11,1.8909767778333624e-11,1.9024580640582433e-23,2.242201882176046e-20,1.8000785635901562e-08,2.2323451021506863e-10,7.731594937268472e-28,2.0075160263865054e-12,1.2605502827183827e-39,4.549534527155214e-13,2.174854769003556e-10,4.5859099678013504e-23,1.6013321396594536e-09,1.6271287877384006e-11,2.587290142067525e-09,3.775217424908413e-13,2.2259410898562135e-13,1.829662029668976e-11,2.9613758797864104e-12,2.2963812998383926e-15,1.180234182542035e-19,1.025490916960708e-15,7.474886943133719e-21,6.298505457285349e-17,1.402975217867832e-28,7.087540928219217e-13,7.237828894947876e-25,3.337122969292945e-16,1.5277896992555473e-10,1.7892116897195182e-12,1.7126000708584127e-13,3.182898680279029e-17,1.492086767128083e-37
0.027437500000000004,0.27649499736637156,302.944228030229,1.1477698209240188,0.6942286133121011,0.0,0.04172274628101365,1.6893711139083742e-10,0.052673019610737844,0.2106439294869435,0.00031933807202320496,7.329856649302597e-43,3.11234070901205e-33,3.6001927735080807e-16,5.224243817238623e-17,0.0002814882113142089,4.420521039598727e-83,2.3605665753349582e-24,1.7681749147707584e-07,4.503259928882953e-08,8.808311891401739e-05,2.243740281166005e-05,5.277570120117835e-16,7.697206438998889e-21,5.913707832031548e-12,1.7841960680049048e-07,6.625418487129846e-19,2.3455933509180244e-29,1.493896514052436e-06,2.8679715760494454e-31,1.9054448351723194e-21,8.684480609891995e-08,1.7309614594707054e-12,9.579387556024395e-08,1.2650200227139055e-18,1.615682446692407e-06,2.5371064743882075e-07,1.0995684757246383e-16,4.4447777201028004e-15,1.043582805837655e-15,1.8131194137496758e-18,1.5570431410899556e-09,4.8576108107034935e-21,1.4063378852139842e-05,3.265850282646114e-08,4.3279853824690624e-07,5.004304242926675e-07,3.4087517960061006e-19,1.611724753353225e-10,2.7544414871673683e-07,4.3368224983821225e-08,5.979649768836107e-19,3.7790298116688864e-10,1.982014046267971e-09,5.166284075353678e-07,7.769258703381075e-08,8.255965624034144e-11,7.907531885261878e-21,5.589213455123228e-36,2.5651690998204577e-12,7.203880350853538e-32,1.313161107118708e-29,9.975007473476317e-31,5.312814699088754e-16,1.4326916374547832e-14,4.586698342269802e-09,5.304348736893422e-15,1.1544125916530449e-17,4.281688623646685e-28,7.762430811756658e-10,1.7789738069923978e-12,8.815310299821143e-29,1.2701791472102984e-16,6.955976925366104e-26,1.9293222559808268e-25,6.2249238704397265e-21,1.3280294454457884e-20,8.856792985459294e-26,5.542650642138769e-09,8.124767956367983e-10,9.053437272747726e-10,1.571985710109347e-08,1.0417943240486727e-17,3.2542583216188853e-07,9.001918170737193e-16,6.065537504643763e-12,1.0961938633165355e-41,7.165387738930921e-17,1.808522191056333e-18,4.797994046622149e-23,1.0633426381094031e-32,1.6629597590640173e-18,6.633309759063649e-14,8.043390356129685e-20,3.790392722999758e-17,2.8612678287734184e-25,2.240933120779193e-09,5.609776414844176e-29,5.554914956929957e-23,2.4550597222237573e-17,6.829225273193602e-16,4.183053232667124e-24,9.344457459260604e-11,1.4838622886271976e-17,2.156136006969508e-08,8.311952527495771e-11,1.715073075509987e-12,2.1191410731175634e-17,2.739594770476891e-14,1.373506275276785e-10,5.926978541638023e-12,8.538076344670073e-10,8.212943535493972e-47,1.7589631037724825e-08,9.324113854183858e-16,7.977572017368435e-11,2.144657885877038e-10,6.252123322310736e-11,6.916668828965896e-23,6.634082797529107e-20,4.3558931416697436e-08,6.374813060090493e-10,1.7517957556270717e-27,4.976533827378565e-12,1.1749710427384653e-38,1.6467849663749256e-12,6.146066688846721e-10,1.5817092491172647e-22,3.832349567320466e-09,4.217416520454165e-11,5.694292615533781e-09,1.0691550307514858e-12,6.146128064363756e-13,5.244050930052558e-11,7.87980959638439e-12,8.100612028974352e-15,4.1905850421014587e-19,3.580775634458898e-15,2.3975897527247197e-20,2.771550176252068e-16,2.093691135631992e-27,1.6947330868586682e-12,2.7484621869360884e-24,8.789353778155535e-16,4.098465572781426e-10,5.012642017296584e-12,4.778843298214856e-13,9.357307603298768e-17,1.197345856930303e-36
0.027500000000000004,0.27986859834098154,306.395164753705,1.133934337381205,0.6941755923577276,0.0,0.04172994983143987,4.741910111659603e-10,0.052544215014396475,0.21042674528714958,0.0005495450147364925,2.92492736700105e-42,9.961339229028374e-32,1.4932549314011545e-15,3.0984333462597286e-16,0.00033881585148413576,4.6040863479979704e-83,2.357683818268811e-24,3.099370249536782e-07,9.214306137887776e-08,0.00015340367089747864,4.45205993487866e-05,2.991238597234794e-15,5.900502380535688e-20,1.7050584997272375e-11,3.542157676894057e-07,4.230783453454995e-18,1.7887149629193957e-28,2.8686219455278924e-06,7.033742322483924e-30,1.5295297279237435e-20,1.74011510121432e-07,6.754394660843116e-12,2.0558756435962592e-07,7.478425205327356e-18,3.1606511503510326e-06,5.175438431727487e-07,6.486482127355243e-16,2.4376470452685556e-14,6.290174856335161e-15,1.1078738326499929e-17,3.3587012521581063e-09,1.7537038126534442e-20,2.4268121262566264e-05,6.957136795978323e-08,9.464957065869282e-07,9.677534587095638e-07,2.2554775996028107e-18,4.122907294985892e-10,6.857853605894256e-07,9.790401966821568e-08,3.760384535097364e-18,7.567277879159567e-10,5.676091580140507e-09,1.26738279696492e-06,2.0143934383755243e-07,2.2251269840602376e-10,3.8995663153048176e-20,1.2659298292289072e-34,6.7620119963126996e-12,7.6331733185993415e-31,2.2445286700099688e-29,1.7261945313928536e-30,2.3289714024789388e-15,3.8394215303458274e-14,1.0802110152467208e-08,1.4985391399224674e-14,1.758186866718994e-17,1.0625059661862047e-27,2.0376714006041645e-09,5.697687748269697e-12,9.39941142316171e-28,5.814940812693911e-16,3.9317898626498036e-25,1.2294442645526405e-24,2.5677757405080197e-20,1.0187811821715968e-19,3.591449366914538e-25,1.2350379023826451e-08,3.0439645455925117e-09,2.308122614059883e-09,4.119355174519162e-08,3.3190411569324796e-17,6.746490317936893e-07,4.436313803286261e-15,1.8077827884935626e-11,5.125948767539466e-41,2.999269798109915e-16,8.930639771046653e-18,4.02384856964632e-22,1.0765403080033415e-31,7.392184382585996e-18,2.1763327011363362e-13,2.70982177284527e-19,1.3400289751816237e-16,2.123319748734937e-24,6.548543137009936e-09,1.4545108230198641e-28,3.413257122749902e-22,1.6576568300270373e-16,2.056260548726118e-15,2.3854206946213914e-23,2.7318456385456e-10,5.421711747950473e-17,6.220068608282889e-08,2.2218948985240664e-10,5.384573414796854e-12,1.5493876985508126e-16,1.1289740675132527e-13,4.507216345392067e-10,2.3230310650633446e-11,2.587283295347019e-09,2.167279568180016e-45,5.23627095111524e-08,2.3364221493298617e-15,2.1565854890722933e-10,6.206263926052062e-10,2.3226572673434323e-10,2.7102389614383877e-22,2.151065271588318e-19,1.1348038243795744e-07,2.0056311914781684e-09,4.840953343673015e-27,1.3327320937271988e-11,1.6068897432756383e-37,6.774693707269625e-12,1.910900711024901e-09,7.070178646529312e-22,9.85898830222432e-09,1.1883350859441752e-10,1.3314324552485715e-08,3.331946585696827e-12,1.856802546329121e-12,1.6568463571782696e-10,2.2876967338939088e-11,3.235663742972975e-14,1.68656874673708e-18,1.4163348615302006e-14,9.436796193289957e-20,1.579252346099337e-15,2.8046607003499696e-26,4.355563614623074e-12,1.2423668585857024e-23,2.5222219449470854e-15,1.2009089924187729e-09,1.533702097283267e-11,1.4648651341419042e-12,3.21252391389009e-16,1.0639594470766978e-35
0.027562500000000004,0.2856537082729582,312.416672657299,1.1109696966032003,0.6941016925380674,0.0,0.041739881087070906,1.2774151349360625e-09,0.052327897213117744,0.21003796968306035,0.0009548908228575709,1.5565396591734883e-41,3.041286456247073e-30,6.391498076049102e-15,1.7327981550540285e-15,0.000407889351131678,4.643246048091201e-83,2.3545345049820955e-24,5.522297282495538e-07,1.9106448418563003e-07,0.00027029811500432744,8.974319056499025e-05,1.7061070201301815e-14,4.1554370362130246e-19,4.8621915577534204e-11,7.138506826825589e-07,2.740306865185329e-17,1.6901506035994738e-27,5.589747705159302e-06,1.8265734728280665e-28,1.1616013050581109e-19,3.540481451109239e-07,2.571071925545497e-11,4.4897357745263994e-07,4.5377717212334834e-17,6.276593223496853e-06,1.073249207516206e-06,3.818850592196384e-15,1.2287067214785567e-13,3.687531231243879e-14,7.072873010540794e-17,7.373398537024742e-09,8.240323813105086e-20,4.23145733800426e-05,1.5083887733942042e-07,2.1081700710753986e-06,1.9029387221173607e-06,1.5475413387439248e-17,1.0772908729803713e-09,1.7414679814843844e-06,2.2530214880213374e-07,2.4080982315955823e-17,1.5169250978953623e-09,1.6935956277135022e-08,3.1741719299672068e-06,5.330384060301248e-07,6.130600759938453e-10,2.218735172322158e-19,3.206814705124164e-33,1.6394452863944683e-11,7.570341608360045e-30,5.560063589492831e-29,4.367749063305685e-30,1.0997469227226275e-14,1.0245204577529308e-13,2.3182860904448634e-08,4.370926364953449e-14,3.582255820996936e-17,4.9696437812677216e-27,6.0462853536609144e-09,1.8674747849532347e-11,9.572274422709638e-27,2.717684707981711e-15,2.806265082493136e-24,7.686304724030614e-24,1.3113247305289329e-19,7.155029431974362e-19,1.8597667556623516e-24,2.8030655360444293e-08,1.1665651880787187e-08,6.010913507657955e-09,1.1031588921518433e-07,1.12890154460662e-16,1.4196762551286934e-06,2.1424237326924065e-14,5.374141355849042e-11,4.261761076859069e-40,1.2613826929995392e-15,4.148619360822005e-17,3.3304348911129575e-21,1.2259359826610376e-30,3.355814786188979e-17,7.307948978832415e-13,9.357816984193607e-19,4.847673049187427e-16,1.7857815257473257e-23,1.9570717964533394e-08,4.744772126012681e-28,2.8840750705463217e-21,1.2487377256764242e-15,6.3347334230461506e-15,2.1158345856964674e-22,8.170614414254148e-10,2.221242266881462e-16,1.8354385158742292e-07,6.112941108118898e-10,1.7298614913526138e-11,1.0731186410415327e-15,4.755430564436538e-13,1.5136409354145173e-09,9.338776425242069e-11,8.023053815873792e-09,6.014419314658449e-44,1.5935000007301536e-07,5.978914841431518e-15,5.959662171471977e-10,1.8372862843607313e-09,8.82749997447388e-10,1.0980791416949917e-21,7.116885408385413e-19,3.0210334914836143e-07,6.45672752698002e-09,1.8081158070950067e-26,3.6486033195679267e-11,3.206040749082608e-36,2.8487269445223212e-11,6.079800789576833e-09,4.224045820461164e-21,2.5913022940545367e-08,3.424720804130018e-10,3.1753426984558325e-08,1.0626114556695214e-11,5.69505768147597e-12,5.357119161866707e-10,6.794725248695953e-11,1.3217425116745256e-13,6.941132486281488e-18,5.725798889779441e-14,4.674364755291431e-19,1.0605728304807925e-14,3.3631090413770693e-25,1.1437528436825145e-11,6.221529782592313e-23,7.404007729082359e-15,3.5997286870606316e-09,4.752853567924806e-11,4.59480353753953e-12,1.2579945989464342e-15,1.1055381990726754e-34
0.027593750000000004,0.29008313146512216,317.07158773232493,1.0940057493544533,0.6940512423802234,0.0,0.04174610962206751,2.1242348647236624e-09,0.052164701373545626,0.20972822642886887,0.0012714366468006418,1.3485786115269179e-40,1.841268834939577e-29,1.3945014685072358e-14,4.53998108584257e-15,0.00044773174718684537,4.638696501235646e-83,2.3528781288669162e-24,7.493581467284344e-07,2.8029697464666224e-07,0.00036304319422904985,0.00012992419673155844,4.300659921663717e-14,1.1393679902204816e-18,8.527077154946747e-11,1.0327737644042859e-06,7.457865644743397e-17,6.197121601257573e-27,7.938435965337344e-06,1.0471605513496947e-27,3.36193999712474e-19,5.150170200909597e-07,5.479549615056552e-11,6.802443358528282e-07,1.1912875698559103e-16,9.008317554243586e-06,1.578895290224316e-06,9.750145876235991e-15,2.7682213339977284e-13,9.564815240529518e-14,1.934232572588329e-16,1.1205501724205405e-08,2.154574753304875e-19,5.647198453705608e-05,2.2764243701824318e-07,3.2317327294840653e-06,2.720862540484795e-06,4.3864810541694374e-17,1.8147328233182242e-09,2.880989030527829e-06,3.5205248301908793e-07,6.509183356335331e-17,2.198282509975942e-09,3.0989201998066567e-08,5.214430774427584e-06,9.037867269443235e-07,1.0670774373185828e-09,5.957186749376411e-19,2.034990915465352e-32,2.519548768061607e-11,2.4670313278498797e-29,1.094862770456067e-28,8.740347319157856e-30,2.5983316249512614e-14,1.7252732257483538e-13,3.314257269709933e-08,7.864315529282061e-14,6.095602702476403e-17,1.2554520934649775e-26,1.1455727807154514e-08,3.625756788796219e-11,3.215398730185504e-26,6.707505570277701e-15,9.000278990179285e-24,2.175824453240772e-23,3.5295201440247795e-19,1.9514398872612214e-18,4.8810511734323245e-24,4.343073394056004e-08,2.510156609421482e-08,1.0108916252237947e-08,1.8870738708668625e-07,2.272454138085668e-16,2.102845963407055e-06,4.846881185481998e-14,9.497427883910062e-11,1.8098779841518503e-39,2.945963915621118e-15,9.110464878574981e-17,1.0426934416373377e-20,4.871317917862265e-30,8.113345606800252e-17,1.4413768727815732e-12,1.887053084257083e-18,1.0039268577877334e-15,5.93334459597235e-23,3.5832434704762314e-08,9.964197117338337e-28,1.1172669592583169e-20,3.867626965287512e-15,1.1822520691323605e-14,8.67228350822191e-22,1.4966454353398174e-09,5.095829201706586e-16,3.333563470508274e-07,1.0402662535865983e-09,3.315573509805285e-11,2.9655090014480655e-15,1.0914392104467172e-12,2.9854064698214912e-09,2.0782666085652873e-10,1.5036363252354937e-08,3.984602542255869e-43,2.9481268935956024e-07,9.949163940349093e-15,1.0391824535723708e-09,3.3438999386076658e-09,1.889267171606141e-09,2.3341857716177333e-21,1.3924767220954896e-18,5.149151131950282e-07,1.239112426882529e-08,4.3081215076862493e-26,6.3263105579909e-11,1.9540218424369636e-35,6.530421674838966e-11,1.1581529984307388e-08,1.2927532277061467e-20,4.38259358537188e-08,6.129546491161875e-10,5.066513595086662e-08,2.0274182070587188e-11,1.0469992767888273e-11,1.0310883193664553e-09,1.2392188487043665e-10,2.9721357217316104e-13,1.5687914355476834e-17,1.275977188363038e-13,1.277740047997719e-18,3.3687802064906394e-14,1.2814623437177098e-24,1.933566276074935e-11,1.6278201147009053e-22,1.3404712283060156e-14,6.602474580831616e-09,8.774320252262996e-11,8.672452415774505e-12,2.8175019145093886e-15,6.1295139553138205e-34
0.027625000000000004,0.2960488195606604,323.37395216322506,1.0719604087073953,0.693987045918911,0.0,0.041752990698261466,3.476644243618166e-09,0.05194812197103505,0.2092997239630613,0.0017012192734604803,2.138567472770197e-39,1.1106393453715476e-28,3.084879128145226e-14,1.1503813484672338e-14,0.0004912737873408847,4.624839849595939e-83,2.3512013615044446e-24,1.0265992879481948e-06,4.1585255743497484e-07,0.0004907522930832339,0.00019023229297265284,1.1069992259161431e-13,3.0569291353004435e-18,1.5102246559687265e-10,1.5102612793722056e-06,2.0728583340331372e-16,2.588366437740267e-26,1.1385228434272424e-05,6.243201570951544e-27,9.653996141482536e-19,7.575605455405144e-07,1.1604589667655288e-10,1.0457666380046137e-06,3.2072905958915923e-16,1.3064573756934616e-05,2.3518294872103958e-06,2.5187685523797783e-14,6.020240823126644e-13,2.4984647710096785e-13,5.487546338006464e-16,1.7283740540892252e-08,6.613904165362404e-19,7.577698493525618e-05,3.485697929798017e-07,5.033354327199858e-06,3.93500964050628e-06,1.2921307872563063e-16,3.1337147049003174e-09,4.877329500620113e-06,5.599197134667593e-07,1.8076793224248842e-16,3.277411385325519e-09,5.8383610722626336e-08,8.760115423705798e-06,1.5709896799809489e-06,1.91100019947214e-09,1.7209637486923293e-18,1.3924838542754113e-31,3.728357129047144e-11,7.823380103902616e-29,2.6560798233544977e-28,2.166206163818256e-29,6.469517670482614e-14,2.9171576744853705e-13,4.524813235625581e-08,1.4494607615032236e-13,1.221631906573941e-16,3.1840312058127725e-26,2.3110696579719877e-08,7.336727448778064e-11,1.0714991241478371e-25,1.780357772381768e-14,3.2950483759230504e-23,6.073634092030392e-23,1.0893925480529653e-18,5.178064286678657e-18,1.4008005327848623e-23,6.841433648844039e-08,5.705194132195161e-08,1.7427039413999374e-08,3.3151275094040817e-07,4.865150436365906e-16,3.1530921096105113e-06,1.092199615185064e-13,1.6984647928262074e-10,1.0977933257615613e-38,7.0070396663664495e-15,1.999729082720236e-16,3.361294862583846e-20,2.1447966187674144e-29,2.103767504859186e-16,2.9689164433439504e-12,3.998643454369222e-18,2.1846904185155976e-15,2.1674977674685573e-22,6.787963146790368e-08,2.3961642918761023e-27,5.430465131279338e-20,1.2977695058137971e-14,2.288550194074868e-14,4.679751726611973e-21,2.8372697197761087e-09,1.283017821311077e-15,6.259497436132227e-07,1.833725395598721e-09,6.612349643844309e-11,8.194951225210517e-15,2.667934402815385e-12,6.1488240488156555e-09,4.911626661855484e-10,2.9246157048098418e-08,2.8833706253149004e-42,5.654759489664054e-07,1.695223766341981e-14,1.8646965150546157e-09,6.293997046826458e-09,4.267011538095961e-09,5.230516583071025e-21,2.842028375401222e-18,9.009592307828321e-07,2.474655848885614e-08,1.2552195437616946e-25,1.1282113248739858e-10,1.5011455874943963e-34,1.5941248915552834e-10,2.2939771316841176e-08,4.71596629383963e-20,7.602898548911447e-08,1.1323882142843288e-09,8.243311431274017e-08,4.023028442089964e-11,1.9802023336093474e-11,2.066148599867035e-09,2.3379280187589337e-10,7.098651777964268e-13,3.7692109049084574e-17,3.016742539678166e-13,4.183597261117371e-18,1.1936333890278542e-13,5.075061245751036e-24,3.352945648499619e-11,4.735139397856824e-22,2.5083393968548267e-14,1.2534306055644119e-08,1.6626328077348125e-10,1.7000909057519672e-11,6.939864736093076e-15,3.3250604491626045e-33
0.027656250000000004,0.3040272104609102,331.8358772538571,1.0438296398946514,0.6939043895261304,0.0,0.04175992985397009,5.5780080458802795e-09,0.05166304782372743,0.20871196461564934,0.0022781877226677764,2.7932560140436796e-38,6.679252185667248e-28,6.906413638550158e-14,2.9066985182279934e-14,0.0005385796576653053,4.602291245777794e-83,2.349533050432189e-24,1.4153513824647914e-06,6.190332714180037e-07,0.0006650201760186096,0.00027978350013230447,2.8892765879490786e-13,8.033188924992255e-18,2.717134694407816e-10,2.216751371658191e-06,5.850779327855539e-16,1.254141789201587e-25,1.6390525950686422e-05,3.853118904468149e-26,2.7543579696857997e-18,1.1187024519163472e-06,2.4488967948272177e-10,1.6164384342528886e-06,8.828027598316697e-16,1.9021582298918125e-05,3.5201713325383042e-06,6.540041767435422e-14,1.2404867212550884e-12,6.565533649935158e-13,1.6161448147282445e-15,2.6807123734068192e-08,2.4085645353691322e-18,0.00010183042362953228,5.367594857335174e-07,7.888110534628071e-06,5.7233247038037905e-06,3.9447958179512204e-16,5.458974675214012e-09,8.32683736058905e-06,8.967435311987392e-07,5.136265531182119e-16,5.050689197933078e-09,1.113235065780873e-07,1.4842638530877915e-05,2.752886590442382e-06,3.4581184410914116e-09,5.403576537730224e-18,1.042939099848931e-30,5.270723810726743e-11,2.394024643825607e-28,8.27752976123971e-28,6.942682135035489e-29,1.7599655725106968e-13,4.844923968037541e-13,5.7082376050711103e-08,2.6871630824824327e-13,2.9798707139007174e-16,7.902242963060755e-26,4.801731877212431e-08,1.505085232295668e-10,3.5328233860854855e-25,4.812018194346574e-14,1.3686490171068245e-22,1.7334369043860383e-22,3.825759273595336e-18,1.3326828691960547e-17,4.453789988189935e-23,1.0843717106916849e-07,1.3180046986519213e-07,3.0321609721936553e-08,5.881582525716774e-07,1.1411273733256056e-15,4.7466742960479155e-06,2.374078331153566e-13,2.967531825560982e-10,1.0238032266124339e-37,1.686765254716747e-14,4.2821761241191483e-16,1.0562376254920627e-19,1.0053278379724534e-28,5.553354081563726e-16,6.2030028239899545e-12,8.683948182044248e-18,4.827999099266773e-15,8.824757038199992e-22,1.301397528518515e-07,6.73142703937361e-27,3.282686538507224e-19,4.656942208754741e-14,4.486566330272273e-14,3.4001969297129896e-20,5.444053003320363e-09,3.485454846876531e-15,1.1892247572087848e-06,3.2357280189641674e-09,1.3363810991000357e-10,2.144140431767708e-14,6.635234805033671e-12,1.2844647641845723e-08,1.1813212848316477e-09,5.7619318359963754e-08,2.3006951964763277e-41,1.0984309841763881e-06,2.91419429410069e-14,3.380973396119767e-09,1.1988421326888521e-08,9.793856788429114e-09,1.2395328287331255e-20,5.908440675827462e-18,1.5918500517947947e-06,5.008229689770114e-08,4.657778321325192e-25,2.032959596678985e-10,1.4435527768513823e-33,3.9590684318293425e-10,4.6041119974608944e-08,2.0598641422650902e-19,1.3315331187031255e-07,2.1159583808357523e-09,1.3513043532637237e-07,8.090350010701836e-11,3.7381359065349434e-11,4.196574353433537e-09,4.4638686073460025e-10,1.7253552759415068e-12,9.219316078930802e-17,7.245024819990615e-13,1.6591419970318417e-17,4.951614046630067e-13,2.2927136761485736e-23,5.870479124443524e-11,1.4795166982888578e-21,4.749154062892012e-14,2.4082524820774167e-08,3.1304359507883866e-10,3.375538894198301e-11,1.8617343125279605e-14,2.0971317530449024e-32
0.027687500000000004,0.314597089745151,343.0784542847173,1.0087588981534075,0.6937974606531617,0.0,0.041765605576636104,8.732846892109076e-09,0.05129174606632468,0.20791468330946078,0.0030419325826891515,3.6944973281984325e-37,4.006526017818395e-27,1.5614389211612783e-13,7.395554518206398e-14,0.0005896045602594018,4.5681674991656984e-83,2.347908101965158e-24,1.9584864095683478e-06,9.185962385156312e-07,0.0009001502001523966,0.0004109888638801618,7.624309422465201e-13,2.0701032293244048e-17,4.990458729497999e-10,3.246801759125071e-06,1.6670743450277092e-15,7.157026188104613e-25,2.3564152261616936e-05,2.450155295731237e-25,7.80521995495233e-18,1.6485247850881742e-06,5.155870618230018e-10,2.493870384202579e-06,2.477569645096276e-15,2.76506288040448e-05,5.261649970249252e-06,1.6961347844739858e-13,2.3813458616758593e-12,1.7334360015959463e-12,4.943063000559671e-15,4.1501766849966475e-08,1.0508969627815779e-17,0.0001365426899681437,8.25380763635425e-07,1.234488455357147e-05,8.332735300196025e-06,1.2459565242010423e-15,9.480290910855344e-09,1.4185038303697108e-05,1.4343762170858711e-06,1.4884061829975156e-15,8.128772522362454e-09,2.1282740666650177e-07,2.5108809772669953e-05,4.804423539424349e-06,6.245509740128446e-09,1.863483156018769e-17,8.479517018417716e-30,7.080217011083737e-11,7.022614147467608e-28,3.43472298222386e-27,2.9865617196639453e-28,5.859337909725646e-13,7.800017005106759e-13,6.504109204363929e-08,4.959737992712732e-13,9.099486414217792e-16,1.9496632014105183e-25,1.0041095441668361e-07,3.078212212743972e-10,1.1470879862208351e-24,1.2911148159508895e-13,6.3627156618421035e-22,5.159454182563599e-22,1.5290846556110873e-17,3.312440882962164e-17,1.6186300249091843e-22,1.7154655227349083e-07,3.030994597510333e-07,5.266312037249979e-08,1.0416138378074143e-06,3.1254734496985234e-15,7.1255321882172005e-06,4.867600521013233e-13,4.892112683735051e-10,1.566943014707691e-36,4.1129543288004645e-14,8.863430243275659e-16,3.1278801233176937e-19,4.9122188403572595e-28,1.4556134092308858e-15,1.2919933506321131e-11,1.9265736121816414e-17,1.062840344505783e-14,4.095372216471634e-21,2.4895560414671883e-07,2.2442860732061575e-26,2.4858927909587984e-18,1.7786052658207517e-13,8.77555165399917e-14,3.413102249588857e-19,1.0421676533943871e-08,1.0140857129206323e-14,2.254115987928158e-06,5.519605117689716e-09,2.6929768535278764e-10,5.1242070874740536e-14,1.6406812854074632e-11,2.6745676559357284e-08,2.8276161473027557e-09,1.1324091408687591e-07,2.056811063267442e-40,2.1285436245755537e-06,5.00088077083232e-14,6.117632947414961e-09,2.2783882710125873e-08,2.2380593495040647e-08,3.134894353158846e-20,1.2391839354096386e-17,2.8075227262573065e-06,1.0104710719763608e-07,2.2772998512226012e-24,3.6565866006142104e-10,1.751735914416107e-32,9.775754179396322e-10,9.215151711816769e-08,1.090429513050105e-18,2.328012119700621e-07,3.945720782707052e-09,2.211806419747496e-07,1.6229342297763154e-10,6.861950922709631e-11,8.49931377507095e-09,8.503987155863085e-10,4.175846241826374e-12,2.24748040543316e-16,1.7263352024886655e-12,8.062318766341379e-17,2.529013264392946e-12,1.335441342005634e-22,1.0263610681764486e-10,4.897424101748246e-21,8.972426310859269e-14,4.615318504963894e-08,5.685060549581399e-10,6.68109382477897e-11,5.426588790292565e-14,1.645925672753227e-31
0.027718750000000004,0.3284324471547871,357.8232898417634,0.9662644978071306,0.6936595449404676,0.0,0.04176746978680997,1.3291505171081483e-08,0.050814331043829264,0.20684800342981643,0.00403595184936172,4.908427678960046e-36,2.4083926777090142e-26,3.566803602045636e-13,1.9155307049993013e-13,0.0006441724837604428,4.5188634338301394e-83,2.346365592038648e-24,2.7139543096804787e-06,1.3517057875368015e-06,0.0012131025073770865,0.0006001344567488745,2.039081913779357e-12,5.24562498263175e-17,9.382814513779678e-10,4.7221879994435095e-06,4.7747196611133514e-15,4.847831935516917e-24,3.368351188607443e-05,1.6034547133054461e-24,2.193338544227025e-17,2.4120184891905744e-06,1.0840248350924936e-09,3.81818891800652e-06,7.076587461655764e-15,3.994443916793298e-05,7.813817272461486e-06,4.371487460043646e-13,4.208816881740321e-12,4.612012791183469e-12,1.5719974558146956e-14,6.376021606403079e-08,5.5001515369784816e-17,0.00018208338983442774,1.260271723831125e-06,1.9178425376696952e-05,1.2099283866095393e-05,4.06312158923529e-15,1.625550594785808e-08,2.392679217114958e-05,2.277004011528009e-06,4.386289383215242e-15,1.3860426151312844e-08,4.070479951529497e-07,4.209685627639093e-05,8.276055083181758e-06,1.1162187893491463e-08,7.147581220740045e-17,7.338486492755397e-29,9.028635293848502e-11,1.971953951145768e-27,1.937087260557078e-26,1.7624917133649857e-27,3.143936597048083e-12,1.2124046946879088e-12,6.625538502832379e-08,9.088408523161979e-13,3.535624900157111e-15,5.318808146868306e-25,2.0812491827900367e-07,6.211749435335934e-10,3.6443800116569155e-24,3.3957717803956103e-13,3.2693974876607184e-21,1.6455852317053494e-21,6.979964388940387e-17,7.918984891030976e-17,6.986611457320388e-22,2.691645419611985e-07,6.858008449961832e-07,9.058833528746837e-08,1.8263693749416902e-06,1.2065188224630286e-14,1.060697445770913e-05,9.30464294660248e-13,7.303467651145973e-10,4.1086670564667567e-35,1.0203919737239061e-13,1.7839419521342048e-15,8.586283707276369e-19,2.480384376106902e-27,3.740605101985329e-15,2.6546234882605577e-11,4.478999691832955e-17,2.304871020296509e-14,2.2977177308258068e-20,4.708320735292518e-07,8.930470260840746e-26,2.371727407789267e-17,7.229976913269332e-13,1.6969092673446911e-13,4.803899575261704e-18,1.9718008351971502e-08,3.145656940529548e-14,4.223264291696557e-06,8.74346565940714e-09,5.356174340410661e-10,1.0982660810885121e-13,3.984684385491833e-11,5.4929423398342384e-08,6.654071689159447e-09,2.198558953182265e-07,2.0819076135482625e-39,4.074487740127975e-06,8.50109355273093e-14,1.0952327541829177e-08,4.280460423047851e-08,5.033526080490472e-08,8.561564378135508e-20,2.632072998764113e-17,4.902846978072026e-06,2.0117713536647758e-07,1.491180747962048e-23,6.509941827418565e-10,2.724015557986641e-31,2.37088610656864e-09,1.8209587510459448e-07,7.093685228573041e-18,4.0312093642389105e-07,7.276937188250739e-09,3.5903335610541945e-07,3.216381019740598e-10,1.1908856236257475e-10,1.6990407069926894e-08,1.6014670365730072e-09,9.953057620393893e-12,5.4138491567952e-16,4.023510067930455e-12,4.770869403656854e-16,1.602331125332376e-11,1.0477276698029443e-21,1.7781272363554616e-10,1.7095183841423462e-20,1.6760066042877495e-13,8.737527932580646e-08,9.614299912750867e-10,1.3042941917399748e-10,1.7182808764753862e-13,1.722393169324565e-30
0.027750000000000004,0.34627752142029655,376.8647451984592,0.9164689995236462,0.6934834778388567,0.0,0.041761033286142814,1.9628661046875655e-08,0.05020966569335371,0.20544393024338328,0.005304592783610958,6.658628806211515e-35,1.4640609629153614e-25,8.266619096121545e-13,5.123908549040574e-13,0.0007019681235652946,4.4523237160653265e-83,2.344945283883135e-24,3.7591527355800457e-06,1.964058099933279e-06,0.0016230848991849757,0.0008677049856419806,5.5649845711086045e-12,1.311679112818187e-16,1.803386881734689e-09,6.792430259111221e-06,1.3707641875499944e-14,3.877399551618138e-23,4.769684887756026e-05,1.0831307251468066e-23,6.088655106792925e-17,3.4895465538182127e-06,2.278412255207043e-09,5.774208856637344e-06,2.054150461652275e-14,5.7124220925933815e-05,1.1480880798422545e-05,1.1161068341727481e-12,6.817825532926664e-12,1.234710597794633e-11,5.2031293518632286e-14,9.675804187992008e-08,3.395826935924788e-16,0.00024077477628197088,1.9021604169708221e-06,2.9437728983274017e-05,1.7472388742981105e-05,1.3624642654747516e-14,2.7243621807642064e-08,3.973189566772366e-05,3.5696938208927362e-06,1.3095932763166056e-14,2.5490659541323523e-08,7.809037157981934e-07,6.956206473698314e-05,1.3971643451238543e-05,1.9621044890180936e-08,3.085889430112137e-16,6.530256628205739e-28,1.0977553448175829e-10,5.3254659495933126e-27,1.4781613965562762e-25,1.4218283133009627e-26,3.359552992757186e-11,1.827003246157612e-12,6.056750505333165e-08,1.6578027254445335e-12,1.7422197491470118e-14,2.0474622065451253e-24,4.229672333441771e-07,1.2281638817233714e-09,1.1310037395163883e-23,8.687415271924345e-13,1.8428438361785754e-20,5.823510229448422e-21,3.6418244120894303e-16,1.8142811642518068e-16,3.6580993343589214e-21,4.167910284538164e-07,1.5152718211107427e-06,1.534365883459941e-07,3.1517590193188737e-06,9.401138300599924e-14,1.5584930891315988e-05,1.6562344925898579e-12,9.367894521640727e-10,1.849734251897697e-33,2.5935321041142715e-13,3.5665016206914464e-15,2.1788043505557107e-18,1.2910687347539469e-26,9.347644617335124e-15,5.3430205212120786e-11,1.1734802293863381e-16,4.8882808403483315e-14,1.885768837847318e-19,8.747362812493955e-07,4.20897694025854e-25,2.8218172440364464e-16,3.1277449230912147e-12,3.2283994192117473e-13,9.384989670481403e-17,3.663154910328105e-08,1.0329358858409368e-13,7.770674025710036e-06,1.2180575361974552e-08,1.0442593034799969e-09,2.1061987702240974e-13,9.433362924414261e-11,1.1048987432203749e-07,1.5275817615822882e-08,4.1885862449962473e-07,2.380477078702162e-38,7.651186453468188e-06,1.4233524183623893e-13,1.9280525696209314e-08,7.898265626816128e-08,1.1059914886648604e-07,2.5590252326538786e-19,5.784359098299012e-17,8.427617776009885e-06,3.924522170107749e-07,1.2965237410632613e-22,1.140236076903426e-09,5.463933210190019e-30,5.6049818057838946e-09,3.528383471127645e-07,5.688056296529666e-17,6.873463135391429e-07,1.318912912060089e-08,5.749860687102542e-07,6.26198129938106e-10,1.8854021638465922e-10,3.329396926156903e-08,2.961924005598551e-09,2.321704658562433e-11,1.2923917983864489e-15,9.070561069251007e-12,3.317720534612895e-15,1.1714248814744764e-10,9.853765773512318e-21,3.036033920621755e-10,6.301666829759328e-20,3.0754983996122764e-13,1.6217285142493064e-07,1.4404279011089826e-09,2.489775357119564e-10,5.876789429153885e-13,2.5240012690114122e-29
0.027781250000000004,0.3689022183487174,401.02113008945065,0.8602621448960739,0.6932622892338818,0.0,0.04173890371925667,2.815248217306705e-08,0.04945659404148982,0.20362921997327543,0.006889055254660867,9.352037254382992e-34,9.08762420165476e-25,1.9538967098159093e-12,1.4409924819838943e-12,0.0007625499439601471,4.36887812965905e-83,2.3436828888320565e-24,5.196069178149434e-06,2.8088717966320866e-06,0.0021507791982331823,0.001238306220071206,1.56090263910476e-11,3.247354545912341e-16,3.5196815106273903e-09,9.631956164775826e-06,3.9301486859993886e-14,3.580273310723105e-22,6.670642113635174e-05,7.575284536118578e-23,1.6596451385352083e-16,4.975325602966149e-06,4.792980537714098e-09,8.594038912726707e-06,6.051718473690781e-14,8.061970559196941e-05,1.6634654541945086e-05,2.8272361828364157e-12,1.0178352380043776e-11,3.243874883475009e-11,1.7805474650175524e-13,1.4451896308842264e-07,2.3682748999535168e-15,0.0003149387622383466,2.827879869700541e-06,4.4480013531416284e-05,2.5046630907185375e-05,4.669051994430642e-14,4.398497811005453e-08,6.467084273841725e-05,5.505674339288286e-06,3.943926320425907e-14,5.16766469984693e-08,1.5085253458493752e-06,0.0001128144087193729,2.297832464082902e-05,3.376872561239112e-08,1.5029104594362868e-15,5.85205777784623e-27,1.2839406987219033e-10,1.394480141664418e-26,1.4717271840541296e-24,1.5124231358615415e-25,5.725727747436116e-10,2.694143237337759e-12,5.05179195611408e-08,3.0237516788768215e-12,1.0583663278460419e-13,1.268592164815706e-23,8.354822296952474e-07,2.36682834222818e-09,3.6385246954150497e-23,2.149619850362581e-12,1.138039233462666e-19,2.3654188057298775e-20,2.1459083834240785e-15,3.9732167502174895e-16,2.280849751070588e-20,6.344311061155392e-07,3.2510774698831115e-06,2.5479310486049225e-07,5.329341106698804e-06,1.4945524460117985e-12,2.251791124493822e-05,2.7647155221301863e-12,9.76523503846835e-10,1.3038231197751816e-31,6.811366077095042e-13,7.335954445431368e-15,5.146275534631677e-18,6.92947492594162e-26,2.2564778931616266e-14,1.048136928906637e-10,3.9241864386873483e-16,1.0086577789484639e-13,3.091234269587428e-18,1.58915839872523e-06,2.310007516113844e-24,3.9954725453724936e-15,1.4265048823064039e-11,6.058866893888253e-13,2.4017131801611583e-15,6.650209060992471e-08,3.543982644334897e-13,1.3974697406194591e-05,1.3830343551213957e-08,1.9857699550268426e-09,3.654024966253187e-13,2.1649930684959297e-10,2.1657215815411715e-07,3.401750326272615e-08,7.792574026266608e-07,3.0442650928311118e-37,1.40197467611279e-05,2.3370811835798076e-13,3.322107953262251e-08,1.4245908237044856e-07,2.3616034510962142e-07,8.517187757071319e-19,1.370266912550009e-16,1.4196275484413103e-05,7.461876910665669e-07,1.445328295614549e-21,1.9560200973331073e-09,1.3523762936608583e-28,1.284560393218362e-08,6.670864516148246e-07,5.373363936459646e-16,1.148961748359192e-06,2.338316725405133e-08,9.048779117254001e-07,1.195987765534387e-09,2.607671695684113e-10,6.363654106352854e-08,5.354591059688005e-09,5.277652143519939e-11,3.1422680280319814e-15,1.95908469826486e-11,2.555964664883868e-14,8.804454320281082e-10,9.43200185486704e-20,5.09028482531181e-10,2.500272712748094e-19,5.517981345473175e-13,2.925368357611003e-07,1.7901946074668002e-09,4.6007453870447025e-10,2.1143136376910838e-12,4.961920302125521e-28
0.027796875000000006,0.38234546512482637,415.37337761139975,0.8300153723805241,0.6931290842110509,0.0,0.041716908725815384,3.357489167065244e-08,0.04900747753714719,0.2025159453785753,0.00783320700937953,3.785524882233366e-33,2.3879390432050194e-24,3.073574122782749e-12,2.677278911941545e-12,0.000794307405976142,4.3203275776455144e-83,2.3431116516486524e-24,6.1316076689745836e-06,3.3524428801594713e-06,0.0024735399138214103,0.0014780965303450955,2.7101318010383653e-11,5.213244682137562e-16,5.0140741381106046e-09,1.1453722626306717e-05,6.787980878138743e-14,1.1549317665255756e-21,7.880699852703744e-05,2.089470706441283e-22,2.777055754807176e-16,5.931987173508982e-06,7.1614942404539635e-09,1.0474638786174416e-05,1.0572404496740615e-13,9.566476278102824e-05,2.000654582273575e-05,4.5698807897761906e-12,1.224104678719885e-11,5.2664532572584955e-11,3.423037234843633e-13,1.7649234704622e-07,6.464335792106621e-15,0.00035959438595932063,3.445851778230351e-06,5.465343594852526e-05,3.006529052261089e-05,8.841633986797588e-14,5.486631523441926e-08,8.252325798638046e-05,6.837399289023376e-06,6.959983624069799e-14,8.058020104604495e-08,2.1522103060683698e-06,0.0001437662652041205,2.9368506216763868e-05,4.4395692326339186e-08,3.520691497087403e-15,1.9890850627677048e-26,1.3795098271544866e-10,2.2798842707976435e-26,5.074167416338565e-24,5.411769411401036e-25,2.7400835578951294e-09,3.3278032183193738e-12,4.5811275200972666e-08,4.181007635857345e-12,2.797105867043509e-13,3.6191420317575554e-23,1.1792178543863277e-06,3.3052586338880476e-09,7.493575947782618e-23,3.459438787155418e-12,3.053936894817884e-19,5.470229483355624e-20,5.487003877429772e-15,5.9104828909631775e-16,6.069166176158097e-20,7.820634718435736e-07,4.817119530591247e-06,3.287208487551653e-07,6.941770669498164e-06,7.24941405538733e-12,2.7003991633660692e-05,3.5896388797210176e-12,9.281227038281478e-10,1.4367685517859743e-30,1.1916929255197263e-12,1.1528469911846315e-14,8.036627600332966e-18,1.6977555981794757e-25,3.5697802084275866e-14,1.4787551335566414e-10,9.838202579562975e-16,1.463426838721806e-13,1.6895752381095953e-17,2.151466551668283e-06,5.7606602624166665e-24,1.6575084985176157e-14,3.2291647427900796e-11,8.530946180968225e-13,1.3661391067022838e-14,8.995518536657823e-08,6.762093788037184e-13,1.880670453565785e-05,1.3335829769279374e-08,2.753961720573694e-09,4.829843265732014e-13,3.335269252422732e-10,3.0538128040716904e-07,5.1489414305758133e-08,1.068170501467755e-06,1.228427746837065e-36,1.9039520729322175e-05,2.997082781152163e-13,4.369427758381613e-08,1.920369321621103e-07,3.492311388472424e-07,1.7182170951836211e-18,2.3436074083958603e-16,1.845435576007917e-05,1.0340597042582084e-06,5.296792984786316e-21,2.5673865335114824e-09,8.277081249989875e-28,1.977287042624134e-08,9.223176517112266e-07,1.95195505470778e-15,1.4875720221510996e-06,3.123321538449588e-08,1.1353319948778393e-06,1.6770550013238096e-09,2.8684549986798085e-10,8.85087271704768e-08,7.227046659718255e-09,8.099383361581379e-11,5.419123156348992e-15,2.8987003771571994e-11,7.445655196085076e-14,2.9393082838387786e-09,3.5872042432575205e-19,6.610753784864603e-10,5.60952445387427e-19,7.417500814922261e-13,3.906134598480168e-07,1.8430477316172692e-09,6.21609332828529e-10,4.244907216203052e-12,3.37283343711161e-27
0.027812500000000004,0.3973667202243292,431.4102888382289,0.7986391347378795,0.6929798446025208,0.0,0.041683640363619816,3.9857228818353514e-08,0.04850829500754466,0.20125406058114934,0.008880189326672939,1.581491225666785e-32,6.4217204994865216e-24,4.879949123497044e-12,5.019327351235919e-12,0.0008266333577794947,4.2685631989090766e-83,2.342592787742274e-24,7.2373917573325434e-06,3.989814408115038e-06,0.0028386720869146183,0.0017602592281195416,4.7751179608882e-11,8.4424168444019825e-16,7.204965775293816e-09,1.3583310853137236e-05,1.1788376409432156e-13,3.832959286609219e-21,9.288077596199627e-05,5.861248411196202e-22,4.659372594355101e-16,7.052882707012474e-06,1.0709536781125554e-08,1.2734338752718612e-05,1.8608935794519332e-13,0.00011323281442423996,2.4005045427623314e-05,7.474964566133128e-12,1.456555671796314e-11,8.249091269129772e-11,6.668240408683857e-13,2.1502517855857354e-07,1.7787529378019172e-14,0.00040951718008549613,4.189232218238093e-06,6.700674549360087e-05,3.608526126609863e-05,1.692200364749251e-13,6.729274949783939e-08,0.0001051204514527125,8.474522974163126e-06,1.2369608342359632e-13,1.310718566012535e-07,3.093260016395172e-06,0.00018291280641946668,3.7381098681570226e-05,5.832374715282911e-08,8.496985812090306e-15,7.375910115100954e-26,1.4737698643422923e-10,3.725225227297776e-26,1.8334172972888298e-23,2.0346315483159857e-24,1.380719862733433e-08,4.1225396611034684e-12,4.1113964780168856e-08,5.815094780224008e-12,7.671140207507246e-13,1.0861452838745648e-22,1.666272814995939e-06,4.623000706424855e-09,1.9403936659549763e-22,5.63431482767892e-12,8.661370236208616e-19,1.3037735717104396e-19,1.4389705835421036e-14,8.779550437132116e-16,1.6634442014753074e-19,9.616131635749755e-07,7.165913302109017e-06,4.235357564544071e-07,9.032962315435653e-06,3.773702999708477e-11,3.227750921350442e-05,4.632102814600344e-12,8.417940215339122e-10,1.7663711401960545e-29,2.1074679588844623e-12,1.877890234695312e-14,1.2559808605476477e-17,4.291765847730553e-25,5.697202698732297e-14,2.091470577041914e-10,2.7158966491257193e-15,2.1322003436224786e-13,1.0533364371293024e-16,2.9145120396740535e-06,1.4943313569271832e-23,7.168257496600287e-14,7.477378382889321e-11,1.232650902544406e-12,8.203494570374369e-14,1.2172332467555875e-07,1.3091177306911095e-12,2.5312176714955024e-05,1.18599407470387e-08,3.824888272560475e-09,6.345713436718793e-13,5.181061940507733e-10,4.316314112353409e-07,7.844696024046511e-08,1.4657033733493832e-06,5.150220358084245e-36,2.5855352417677007e-05,3.8375269580516415e-13,5.7421835433854266e-08,2.5893198390346456e-07,5.192177535159056e-07,3.6360487368557325e-18,4.193051705403992e-16,2.396391975879471e-05,1.4343573933476442e-06,2.0412321018005096e-20,3.3673815367802436e-09,5.556792876286193e-27,3.068764177926197e-08,1.2769381726233408e-06,7.659685917892745e-15,1.9236475152739035e-06,4.1714318927185234e-08,1.4217114167769132e-06,2.3742838607594192e-09,3.0097104421917076e-10,1.233081072132877e-07,9.757296004949426e-09,1.2530023944690453e-10,9.950397172746568e-15,4.302775439737004e-11,2.2226775167416568e-13,8.827646767505945e-09,1.2271286544218747e-18,8.584673250483086e-10,1.3527683808124437e-18,9.972381353062987e-13,5.142778043143517e-07,1.7951739820151396e-09,8.333425716233179e-10,8.376602798473477e-12,2.2956763483441975e-26
0.027828125000000002,0.4140528175336182,449.2226508928055,0.7664544236263303,0.6928136423291419,0.0,0.041635390000729015,4.713781611966231e-08,0.04795628795836716,0.19983190372107149,0.010033692784452838,6.937742000000772e-32,1.7928239048603068e-23,7.834537193541082e-12,9.654149673136589e-12,0.00085944661575993,4.214264503926733e-83,2.3421278067005536e-24,8.54081070817276e-06,4.7315376006008356e-06,0.003249472844245404,0.002090034127118324,8.512548309170241e-11,1.3936757800964049e-15,1.0526348103829045e-08,1.6055668070597427e-05,2.0660612287873485e-13,1.2989003207345963e-20,0.00010914258735113533,1.6750785312113249e-21,7.907531785977896e-16,8.356524390352194e-06,1.6032224372145447e-08,1.5428204330545104e-05,3.2985410564471235e-13,0.00013360669896194408,2.8712808180774316e-05,1.2498781021059784e-11,1.7219722710787994e-11,1.2239445857409682e-10,1.3204238885768728e-12,2.6111603694268024e-07,4.8583236843334e-14,0.00046499739678103173,5.076703652088311e-06,8.189000575468857e-05,4.32915639471918e-05,3.2769409148469544e-13,8.062827036604347e-08,0.0001334547593573556,1.0470917109712386e-05,2.215197469534983e-13,2.2260679043812097e-07,4.46835975279966e-06,0.00023197412558612906,4.727225122182957e-05,7.639713208257913e-08,2.1083473664808145e-14,3.2984051699469004e-25,1.5672730635050966e-10,6.10531405670897e-26,6.850880076649705e-23,7.929108004499425e-24,7.16365866465628e-08,5.11897984667143e-12,3.660682905736748e-08,8.118196948683182e-12,2.1605151545664257e-12,3.36298746247051e-22,2.345976024597458e-06,6.450016598085116e-09,6.834900148046223e-22,9.189599801736652e-12,2.6601154165652346e-18,3.2419945362158705e-19,3.820534938565769e-14,1.3164637564399193e-15,4.640841210525461e-19,1.1781063150293547e-06,1.0595748012571015e-05,5.439969838882088e-07,1.1718998807945704e-05,2.0450217356726625e-10,3.8421934068152046e-05,5.939077291753643e-12,7.384032921752798e-10,2.393291561823698e-28,3.773157908421889e-12,3.177954926192277e-14,1.956903096250334e-17,1.1292037285846221e-24,9.072526215741924e-14,2.952968674418632e-10,8.471463730218198e-15,3.103812793273361e-13,7.072836465312422e-16,3.939321481597667e-06,4.02651405898372e-23,3.1808060263298116e-13,1.7787975210476247e-10,1.8669069369598943e-12,5.119507319996643e-13,1.6429151258369718e-07,2.5529320704356987e-12,3.3977605922248875e-05,9.806732414271094e-09,5.300670855582759e-09,8.276625699909816e-13,8.05057615775789e-10,6.08967381230408e-07,1.1932230928703048e-07,2.0066716861874075e-06,2.2585502954395147e-35,3.498810297446122e-05,4.897729776367733e-13,7.523219565047109e-08,3.482373291849543e-07,7.714065072512114e-07,8.086076436296333e-18,7.858017862738029e-16,3.102462428868169e-05,1.983816680792018e-06,8.162246780059444e-20,4.403949493384165e-09,4.203276534356894e-26,4.7638874366486374e-08,1.7640586791870938e-06,3.348347904265417e-14,2.4798997319958233e-06,5.556415250172653e-08,1.7743831685409953e-06,3.4008858197407126e-09,3.0163297323855527e-10,1.714369804295645e-07,1.3140150665749664e-08,1.938223497203247e-10,1.9554480103100805e-14,6.359035198282955e-11,6.790603829992143e-13,2.4850868193034977e-08,3.966406096470437e-18,1.1130308610059279e-09,3.515002923536105e-18,1.337269797512305e-12,6.561741419663715e-07,1.6706192258923378e-09,1.1018305448172214e-09,1.5822011259852415e-11,1.6474827721018624e-25
0.027843750000000004,0.43247914148386174,468.8886638512535,0.7337986579531486,0.6926297336237599,0.0,0.041567536378547605,5.5623530816635355e-08,0.04734894160880613,0.1982382621757769,0.011296496012330268,3.2370153445839958e-31,5.274212979695501e-23,1.2706871759701395e-11,1.911811858891302e-11,0.000892665712524176,4.158285837700462e-83,2.3417174089788185e-24,1.0072909248551113e-05,5.588184016498751e-06,0.0037091329927604706,0.002472855259865728,1.5298123757126927e-10,2.383651915221631e-15,1.584387074206867e-08,1.8907049504981573e-05,3.6633579690782876e-13,4.457446292699344e-20,0.00012781049542544528,4.8678672334331356e-21,1.3774497717895708e-15,9.861621305925137e-06,2.4024197761489717e-08,1.8614623156135446e-05,5.886283222411464e-13,0.00015707398661728603,3.421629351750863e-05,2.166853362011295e-11,2.0364082795651046e-11,1.6907218365230165e-10,2.6498722657992143e-12,3.158482450749729e-07,1.2961841333854225e-13,0.0005262935957693036,6.1281947097622486e-06,9.96815814902377e-05,5.1908928792537785e-05,6.433864494047171e-13,9.37900380351797e-08,0.00016864671959183254,1.288585513225817e-05,4.00068576993029e-13,3.9317404133512934e-07,6.475821724513698e-06,0.0002928993012329807,5.9271858166875766e-05,9.961564387928167e-08,5.3497590949974857e-14,1.857950520595219e-24,1.661440257276504e-10,1.0057123572019612e-25,2.609994291740537e-22,3.156596345775284e-23,3.6297158861103667e-07,6.3700683557602285e-12,3.243847787358346e-08,1.1357509158629752e-11,6.180381967774384e-12,1.0596588679930546e-21,3.2800579132768128e-06,8.949424919102731e-09,3.0418905913547497e-21,1.490981476720294e-11,9.206435463406616e-18,8.391993402887894e-19,1.0148081514616034e-13,2.0268140107508938e-15,1.3026272870917312e-18,1.4368749654844536e-06,1.5311228021851122e-05,6.955988893502871e-07,1.5135774760129773e-05,1.1111321084278127e-09,4.551569760168275e-05,7.570415789910239e-12,6.362627831747847e-10,3.454908987513164e-27,6.844164950279636e-12,5.576968254328765e-14,3.033694906809523e-17,3.211809790940903e-24,1.4295925444942648e-13,4.1497745893256577e-10,2.897383769729503e-14,4.4992025407445967e-13,4.881552946268798e-15,5.3015677689987825e-06,1.1260540376097134e-22,1.413774423873342e-12,4.3580818434537784e-10,3.0790023864539868e-12,3.2299941489135274e-12,2.2071103854989387e-07,4.982143952651989e-12,4.539664566440341e-05,7.722378385582347e-09,7.310746603830014e-09,1.0719888414204163e-12,1.244664872383775e-09,8.550543398958474e-07,1.7970360259290858e-07,2.7346550778383837e-06,1.0448540444947769e-34,4.7048843192415386e-05,6.222540211269663e-13,9.810259270175236e-08,4.6618902776604674e-07,1.1405598420084595e-06,1.8850967317631566e-17,1.5364316689258796e-15,3.998628727665031e-05,2.727727682586049e-06,3.338934596035371e-19,5.7338230525737105e-09,3.522065560733718e-25,7.358224736977487e-08,2.4255208855222544e-06,1.6090149078977578e-13,3.182686735292049e-06,7.36756660796273e-08,2.2044094086568836e-06,4.961348892557118e-09,2.9074241895508513e-10,2.3722834335872596e-07,1.7614572555525938e-08,2.977501454336778e-10,4.065371289699497e-14,9.30194364127539e-11,2.129781481386996e-12,6.421784637605012e-08,1.1924740494033869e-17,1.4394656611374588e-09,9.698779708426791e-18,1.7850419528193891e-12,7.914198643228591e-07,1.5106354805523554e-09,1.432827995413151e-09,2.7330441878884012e-11,1.1913668991667139e-24
0.027851562500000003,0.4423826992586311,479.45463263515603,0.7173712130818496,0.6925296541189159,0.0,0.04152351562056153,6.050565707559177e-08,0.04701969367024619,0.19736247883467473,0.011977956592605754,7.453427935542814e-31,9.52008837093022e-23,1.6354768517476546e-11,2.7867993183766718e-11,0.0009095954222511331,4.129725485835252e-83,2.3415311611269735e-24,1.0948759741896782e-05,6.069437032903919e-06,0.003961491088882967,0.0026889191271823668,2.0683913724360352e-10,3.2295836543320317e-15,2.0033752181728248e-08,2.0509037032497853e-05,4.954643953022214e-13,8.313713788093066e-20,0.00013825749253340764,8.447973897628003e-21,1.875110930786972e-15,1.0707255145056884e-05,2.960069936982988e-08,2.043846494358261e-05,7.912388373724657e-13,0.00017023887874817917,3.733877524746801e-05,2.932358030722132e-11,2.2278163110031283e-11,1.9270598018723844e-10,3.830142744345648e-12,3.4729173079010626e-07,2.0895548893031447e-13,0.0005596136157902153,6.7308644936940334e-06,0.00010994838886370563,5.6914084134181736e-05,9.127647444308585e-13,9.980285910043585e-08,0.00018954847467168395,1.429215736662048e-05,5.42099994951518e-13,5.378918382226912e-07,7.842640775296549e-06,0.0003290893985124013,6.621145427668712e-05,1.1377574309680476e-07,8.653474465439622e-14,4.8221593125138095e-24,1.712189628739668e-10,1.305516217872351e-25,5.114034183291373e-22,6.326581834686815e-23,8.201916000888786e-07,7.1484076396571744e-12,3.0661414962995356e-08,1.3507911741868067e-11,1.0486365175781964e-11,1.890346537277755e-21,3.8786829651686135e-06,1.0547059251433987e-08,6.790096825405289e-21,1.9079955074441076e-11,1.8330599500050635e-17,1.401754091400675e-18,1.6578971352240612e-13,2.597140889317801e-15,2.1854705047955426e-18,1.5860656445094211e-06,1.80999194107139e-05,7.865941684879212e-07,1.7203723299602478e-05,2.620650325757969e-09,4.9493334740194495e-05,8.58248990898558e-12,5.91001723868747e-10,1.3708456291918854e-26,9.416698402754652e-12,7.640272730890553e-14,3.802129149915778e-17,5.792557014371272e-24,1.7934395624516577e-13,4.925722073685221e-10,5.818319148338656e-14,5.430340604195323e-13,1.3008523646609566e-14,6.1551993093910005e-06,1.9132067250371901e-22,3.009553796443363e-12,7.094514254887034e-10,4.2938074524849624e-12,8.239149576262289e-12,2.559604584336219e-07,6.974229691764138e-12,5.249955883094412e-05,6.800032208744179e-09,8.59376450071753e-09,1.2270160457868843e-12,1.5527253205518152e-09,1.014439191960517e-06,2.1999992684110282e-07,3.1949997133160018e-06,2.353715676029598e-34,5.452978893417152e-05,7.013182030406836e-13,1.1204149906295333e-07,5.396919679946461e-07,1.3900169839375453e-06,2.978196554344177e-17,2.2231105231011324e-15,4.540085735012474e-05,3.1991144372448837e-06,6.802084982830159e-19,6.54406313030827e-09,1.2030512563330163e-24,9.174812621551032e-08,2.846737102067037e-06,4.132265534992076e-13,3.605795721867271e-06,8.487520273556143e-08,2.4557176520820937e-06,6.111465184371199e-09,2.8278196320318493e-10,2.793445656378308e-07,2.040602609940683e-08,3.693805909574495e-10,6.064413656461998e-14,1.1243357402059951e-10,3.868523305771699e-12,1.0111558425682309e-07,2.05387732065692e-17,1.6391523312362406e-09,1.66799906147466e-17,2.0634354241114668e-12,8.400215383094811e-07,1.434102379303823e-09,1.6310156547836205e-09,3.4498078855570374e-11,3.355780155538696e-24
0.027859375000000006,0.452759498154343,490.52368269847227,0.7009297759787775,0.6924246399848337,0.0,0.041471447268164596,6.584823544612987e-08,0.046674831779354456,0.19643668707192105,0.012689244874075249,1.7607846993520692e-30,1.7590300630304625e-22,2.1109739217613545e-11,4.069571330793402e-11,0.0009266062021146919,4.101230792803927e-83,2.341359890227323e-24,1.1899720403375333e-05,6.585944085325615e-06,0.004228105560876794,0.00292153636031996,2.8020714584883254e-10,4.469313622220032e-15,2.581136876659988e-08,2.22284657088381e-05,6.742735896487012e-13,1.552838399696651e-19,0.00014943920801445914,1.4735917973808402e-20,2.6010922241736866e-15,1.1614664321410471e-05,3.64838728416933e-08,2.2420855699650733e-05,1.0662609452541937e-12,0.00018435245032664193,4.071247529823419e-05,4.042724263569059e-11,2.4487760814098406e-11,2.1512159177841756e-10,5.562444047506276e-12,3.8156335445509267e-07,3.329522426608935e-13,0.0005945722198286292,7.3865845850675645e-06,0.00012117147664109306,6.241729669227274e-05,1.3038015742961328e-12,1.0513063326572945e-07,0.00021286169727587986,1.5839205903111647e-05,7.373161335650495e-13,7.409587678461468e-07,9.510887515145311e-06,0.0003694508028385416,7.379194911284477e-05,1.298624593475983e-07,1.4068929664606608e-13,1.2926426391604285e-23,1.764800103646215e-10,1.7003336931954155e-25,1.0024730054269262e-21,1.2689823792386763e-22,1.7834497139966143e-06,8.034610118825803e-12,2.9007423323136712e-08,1.6083034648299588e-11,1.7800791822476017e-11,3.37857717657509e-21,4.5834727617434815e-06,1.2422178888340055e-08,1.5415366788781004e-20,2.4467671955901755e-11,3.812483406510393e-17,2.3466328173008274e-18,2.712079477895792e-13,3.3926667654324198e-15,3.661639596086287e-18,1.7490023957621533e-06,2.0879551272825228e-05,8.888212033608366e-07,1.954053202863625e-05,6.1119896016033155e-09,5.3753137157730796e-05,9.730237703515745e-12,5.496315074366281e-10,5.470540846584621e-26,1.3003477161176011e-11,1.0550458466127413e-13,4.771140189177209e-17,1.1165101026724673e-23,2.2460807289001194e-13,5.846371289646995e-10,1.1643374087825773e-13,6.559551186698703e-13,3.4687822150215685e-14,7.1437270247869416e-06,3.2832024691184824e-22,6.376958411012299e-12,1.1766173996630432e-09,6.252140045396733e-12,2.0951384923269923e-11,2.9669266714764364e-07,9.761729866311453e-12,6.0681927005975356e-05,5.98553529219277e-09,1.0099081498463427e-08,1.4058555036979215e-12,1.939341445638656e-09,1.203382991390333e-06,2.6753609709924976e-07,3.7315566465414345e-06,5.411961316643535e-34,6.311912841407832e-05,7.897810768699022e-13,1.2786928962444037e-07,6.244772405770386e-07,1.6949393256053576e-06,4.7527270682995825e-17,3.2431237949273154e-15,5.1511999346845404e-05,3.748879292409078e-06,1.3885065697891308e-18,7.46392979822144e-09,4.165449270483295e-24,1.1453371733225696e-07,3.3401123031465853e-06,1.0737828823813663e-12,4.08214701949309e-06,9.772357950651946e-08,2.732495247371689e-06,7.625033763983191e-09,2.740628600548816e-10,3.2886168252651346e-07,2.36285561375323e-08,4.5736446829386716e-10,9.08495833699209e-14,1.3556311254447854e-10,7.130000809099893e-12,1.536142404733622e-07,3.4327006609117585e-17,1.866721217640378e-09,2.881035948509573e-17,2.3840414707174627e-12,8.662221270013401e-07,1.3615280706633139e-09,1.8575420641614907e-09,4.176065927459944e-11,9.333762768262943e-24
0.027867187500000005,0.463615741979109,502.10193406801875,0.6845164753441181,0.6923147804276873,0.0,0.04141020517808674,7.172589556996729e-08,0.04631408509071354,0.19545953355960946,0.013430507918866946,4.298524970136531e-30,3.3460371098309506e-22,2.7367573544509913e-11,5.96978197045107e-11,0.0009436880476455073,4.073020072975406e-83,2.3412040060916106e-24,1.2931385376682237e-05,7.1391366770501485e-06,0.004509386563067076,0.003171533172690452,3.801161666474662e-10,6.350331495345927e-15,3.40614070610407e-08,2.407120949346913e-05,9.25686381226197e-13,2.902286378817319e-19,0.0001613871271914037,2.588375933752482e-20,3.697312733493046e-15,1.2586525195848509e-05,4.496955891096404e-08,2.457126542236576e-05,1.440895816389377e-12,0.00019945640756760243,4.435083149285381e-05,5.697384496223205e-11,2.7097995107929743e-11,2.352456147552306e-10,8.140206837358899e-12,4.1885436279932087e-07,5.232701612077695e-13,0.0006311964468622184,8.098600142233589e-06,0.00013341446540651695,6.84721073439654e-05,1.8784058398006755e-12,1.0951569338010644e-07,0.0002387973275986108,1.7537415566681373e-05,1.0071110222478077e-12,1.026366450648656e-06,1.154467579144014e-05,0.0004143509913397799,8.201902961269771e-05,1.480873813215175e-07,2.3021834374254624e-13,3.54093323251775e-23,1.8201059774178525e-10,2.227114911587094e-25,1.9623790281562574e-21,2.542520484615989e-22,3.6784506256472013e-06,9.04283474881491e-12,2.7471926789477557e-08,1.916187181053831e-11,3.018941396763907e-11,6.0446296874692435e-21,5.409624167455006e-06,1.4612939542651234e-08,3.5278858800707784e-20,3.1394403716021894e-11,8.246289854751927e-17,3.944589032616718e-18,4.4504870268515117e-13,4.5425828452564895e-15,6.117947279260463e-18,1.926503493264018e-06,2.3128490642588013e-05,1.003369445033695e-06,2.21741236823644e-05,1.3970315174825258e-08,5.8300899251397177e-05,1.1030524322399029e-11,5.120022489965165e-10,2.1875835482383966e-25,1.8016452388247063e-11,1.4666789444685328e-13,5.990848599129109e-17,2.3425776149619947e-23,2.80148105482443e-13,6.934925548634264e-10,2.3285668922339404e-13,7.92671930320034e-13,9.21897967121304e-14,8.285193310427788e-06,5.689646147918886e-22,1.3395054077254449e-11,2.004789146460969e-09,9.561005278192859e-12,5.2961008692798787e-11,3.436133720100562e-07,1.3647716851317419e-11,7.007945007502618e-05,5.277129149368715e-09,1.1859347516959903e-08,1.6119009782043335e-12,2.422379899078595e-09,1.4265423012946752e-06,3.2091255400692855e-07,4.3549670905557685e-06,1.2748356891561835e-33,7.292588290653138e-05,8.884952864240842e-13,1.4579015268291238e-07,7.219828691189783e-07,2.066184302396833e-06,7.653363725335394e-17,4.763589691416463e-15,5.839108406260494e-05,4.3869879279677085e-06,2.834623729049877e-18,8.50540377264035e-09,1.495668860917071e-23,1.4298793986297765e-07,3.916099416913008e-06,2.8904334940804575e-12,4.617044928097635e-06,1.1242071611153187e-07,3.03608269122349e-06,9.660377228103537e-09,2.6583359569369175e-10,3.8688643035367666e-07,2.733752492323532e-08,5.635371355207457e-10,1.3590277631430179e-13,1.625879654177129e-10,1.3357989112091399e-11,2.2509660166222688e-07,5.579495359394835e-17,2.125869686486488e-09,4.9676116000812766e-17,2.752164205027356e-12,8.627162528625421e-07,1.2937676274422185e-09,2.1233703488530376e-09,4.8296334045133385e-11,2.5760845381895977e-23
0.027871093750000006,0.46922798219865675,508.08591783627526,0.6763292592367822,0.6922577283106286,0.0,0.041375450964725356,7.492204397804839e-08,0.04612651162729991,0.1949480654713813,0.013814787565645463,6.890419989156822e-30,4.707609235291677e-22,3.1289605844874957e-11,7.280135523196579e-11,0.0009523041647493368,4.059032354503419e-83,2.3411319515178478e-24,1.3483153631468601e-05,7.431803528398645e-06,0.004656579935899463,0.0033041817045304125,4.435580627723784e-10,7.687545517905513e-15,3.968273144079301e-08,2.5047196621466073e-05,1.0923080909604727e-12,3.973044943150583e-19,0.00016769917096166726,3.454338492558431e-20,4.4736854605627706e-15,1.3100815084091484e-05,4.997994220424803e-08,2.5720279250970334e-05,1.6787034661879418e-12,0.00020744481285062813,4.6286360324092026e-05,6.848391958224645e-11,2.8619086041643768e-11,2.44279310319391e-10,9.930225337392595e-12,4.3883270132849803e-07,6.522730527519672e-13,0.0006502598065819253,8.479329244041239e-06,0.00013998386165550283,7.175009021088149e-05,2.2683792904893686e-12,1.1126647947783252e-07,0.0002529199604840123,1.8452968495049758e-05,1.1808535838891391e-12,1.2137790384685125e-06,1.2735499493796406e-05,0.00043880119050480193,8.639883978524024e-05,1.581506766807161e-07,2.961055618652497e-13,5.917660373808182e-23,1.849754042437157e-10,2.5621474034221973e-25,2.742987805714266e-21,3.5957729011433974e-22,5.16893347369427e-06,9.607518246514526e-12,2.6773699775411566e-08,2.094002035584942e-11,3.928893248915473e-11,8.087996250096095e-21,5.877403862491199e-06,1.584985370841061e-08,5.354801951573269e-20,3.5611371319540456e-11,1.2314831277075119e-16,5.1473711200734586e-18,5.721783000342745e-13,5.334976628986481e-15,7.900617287076018e-18,2.021608697377569e-06,2.3822548725416887e-05,1.0660928677875919e-06,2.3622551822971e-05,2.10223940678918e-08,6.069852474739118e-05,1.1758545747472353e-11,4.947788729008248e-10,4.400578143266076e-25,2.1299195461313672e-11,1.7401449208207458e-13,6.725590305339977e-17,3.523364432012566e-23,3.124154531672949e-13,7.555974562632811e-10,3.326763093846439e-13,8.723109057993602e-13,1.506635893477555e-13,8.924832488495162e-06,7.520132220849618e-22,1.9407695778569662e-11,2.6812203459243646e-09,1.2200187807367123e-11,8.462990542353219e-11,3.698504515208868e-07,1.6136611102353387e-11,7.532282840320234e-05,4.958680304043517e-09,1.2855106532791465e-08,1.729185414353878e-12,2.709949279334419e-09,1.55371032769824e-06,3.487670145143364e-07,4.705899923387008e-06,1.9895828907968426e-33,7.835885147176797e-05,9.423690951471632e-13,1.5567996065131295e-07,7.764423098611908e-07,2.28282516825182e-06,9.775869506325811e-17,5.809358579906226e-15,6.217103182586007e-05,4.745323905617248e-06,4.0503778749550914e-18,9.080207491507725e-09,3.020437238041317e-23,1.5992210901444847e-07,4.241508814325846e-06,5.047480063231201e-12,4.910415653852029e-06,1.2059600874407297e-07,3.199363158036684e-06,1.0976235058356387e-08,2.6249069939519274e-10,4.197634293528099e-07,2.9410350649820065e-08,6.243052423196848e-10,1.6645331283089681e-13,1.7765200118444782e-10,1.8499688992106828e-11,2.690991124786234e-07,7.066267010267521e-17,2.2697932552426514e-09,6.530964631249633e-17,2.9575225167934005e-12,8.482380552160654e-07,1.2625276585214754e-09,2.2793711612661968e-09,5.1049829268434176e-11,4.3159951779030284e-23
0.027875000000000004,0.47496401762215834,514.2011673934634,0.6681613803133335,0.69219948692346,0.0,0.04133775616993085,7.829412766853065e-08,0.04593474353139051,0.1944228264469447,0.014206841960153474,1.1145112466437156e-29,6.676741674456336e-22,3.5830754079603096e-11,8.885622505239613e-11,0.0009609355999119257,4.0451894853745034e-83,2.3410646603664933e-24,1.405804334680839e-05,7.73452643906581e-06,0.004807716849865856,0.0034416645872856807,5.177358277477478e-10,9.37819725474059e-15,4.6564256744745276e-08,2.605757243091399e-05,1.2929171322415517e-12,5.438390696142301e-19,0.00017422197540900857,4.6205489897487374e-20,5.45369884771646e-15,1.3632856564386492e-05,5.5546989525402005e-08,2.691680155450892e-05,1.9575171354774407e-12,0.0002157061746686342,4.829593989504484e-05,8.286583894998491e-11,3.030664890252825e-11,2.525302614198057e-10,1.2151060262172188e-11,4.5967636570681135e-07,8.095644095097841e-13,0.0006697628230603099,8.87600266216902e-06,0.00014684457463205278,7.519577013538842e-05,2.7482552682060756e-12,1.126741812930294e-07,0.00026781761910421256,1.941220766313666e-05,1.3864636035293095e-12,1.4369489606743681e-06,1.4053479144646738e-05,0.0004645924292424847,9.094390624703031e-05,1.688675440229612e-07,3.8165788082053064e-13,9.906069038219586e-23,1.8805659610520119e-10,2.954229299191968e-25,3.8307011698612395e-21,5.081048761143822e-22,7.109208702395056e-06,1.0212180145151666e-11,2.6106849995338065e-08,2.2888689837735735e-11,5.1098338280182016e-11,1.0822450009784052e-20,6.384333451066075e-06,1.7186965547809042e-08,8.129705079866435e-20,4.041779429863683e-11,1.8510206806519023e-16,6.720019855790843e-18,7.373780367686622e-13,6.311675311431174e-15,1.0192297277387618e-17,2.1208182867906935e-06,2.410855284570863e-05,1.1325083005956802e-06,2.516085966217538e-05,3.128689084896076e-08,6.317158111827269e-05,1.2536789293581491e-11,4.785505207466147e-10,8.84189348364175e-25,2.5206394618404454e-11,2.067868053462692e-13,7.5539398679474e-17,5.424173919085287e-23,3.4789647883255956e-13,8.23243314753222e-10,4.735321240829686e-13,9.60387745750746e-13,2.45783159556099e-13,9.612942163609937e-06,9.964208821560879e-22,2.799940656850835e-11,3.623070234715012e-09,1.5751419164754415e-11,1.347840422599751e-10,3.980339210108799e-07,1.9072262261518216e-11,8.094680752179441e-05,4.663644229662165e-09,1.3933322686912529e-08,1.855941419459154e-12,3.032586332782365e-09,1.6920881311623494e-06,3.761752730803608e-07,5.0846166964153375e-06,3.1362204274816604e-33,8.415399741198095e-05,9.992816661356405e-13,1.6620785685939895e-07,8.348964613353995e-07,2.522524366467299e-06,1.2513586410174048e-16,7.095775685061259e-15,6.618304935086336e-05,5.131176421567241e-06,5.7850640826956316e-18,9.692149789739493e-09,6.079848334966697e-23,1.7891780533969933e-07,4.593542683890344e-06,8.783443883454801e-12,5.2214013651114e-06,1.2934639715596239e-07,3.370056931863089e-06,1.254202223020898e-08,2.599660330958331e-10,4.5540301494968523e-07,3.163616322859898e-08,6.900119343670179e-10,2.0344356627622114e-13,1.93646518156378e-10,2.5760413144545023e-11,3.1875627688053016e-07,8.891844491449064e-17,2.42372373816741e-09,8.566807988277662e-17,3.1777619145593007e-12,8.249200328955764e-07,1.2329311736362298e-09,2.4542779025812635e-09,5.330549665641068e-11,7.195485450962383e-23
0.027878906250000002,0.4808244089288891,520.4481973111941,0.6600176857088838,0.6921400865073604,0.0,0.04129692357665515,8.185865764585021e-08,0.045738750670627826,0.19388365317377412,0.014606676757604764,1.8231344336018874e-29,9.555947277850323e-22,4.111494530635629e-11,1.0856798098139509e-10,0.0009695811644952444,4.031498894835133e-83,2.341002229926624e-24,1.46568958772421e-05,8.047468406924926e-06,0.00496284854086375,0.003584094634385617,6.044968395021581e-10,1.1531287853553961e-14,5.504202853235621e-08,2.7103213898208202e-05,1.5360845282428182e-12,7.444832956696678e-19,0.0001809597254612327,6.200135911340101e-20,6.700025928233152e-15,1.4183002819662994e-05,6.172741742435924e-08,2.8162181359769158e-05,2.2850820007555957e-12,0.0002242460464593625,5.038142855138777e-05,1.0100695670399899e-10,3.21908055820229e-11,2.5998889232887316e-10,1.4925846710115537e-11,4.814146568916796e-07,1.0002276005969983e-12,0.000689708481005502,9.289079034286989e-06,0.000154005742777324,7.881906553209916e-05,3.343394287982653e-12,1.1370872310799011e-07,0.0002835222974746514,2.0416663707453264e-05,1.6305769414380057e-12,1.702548303838396e-06,1.5511677915157445e-05,0.0004917804336575618,9.56503586417001e-05,1.8027222446716793e-07,4.932756156122968e-13,1.6613068826193403e-22,1.912726468940181e-10,3.4159499124433995e-25,5.343844425150617e-21,7.1721802804853885e-22,9.5563565230993e-06,1.08594607311729e-11,2.5470000584792085e-08,2.502320585469869e-11,6.640424202046572e-11,1.4480971211426765e-20,6.933028727982507e-06,1.8630303220442584e-08,1.234118531589361e-19,4.588860709784171e-11,2.797585959745412e-16,8.778405678502554e-18,9.530734284237475e-13,7.523794347977844e-15,1.313315685827812e-17,2.224234138237835e-06,2.391110605692082e-05,1.2027860605210968e-06,2.6793495633106303e-05,4.6002751130963915e-08,6.571958617971992e-05,1.3368479813675686e-11,4.6322364524489885e-10,1.7754126699643927e-24,2.985801376346961e-11,2.4605761691692445e-13,8.487474268393843e-17,8.533998538630653e-23,3.8665934367401007e-13,8.968564976045344e-10,6.71978102194517e-13,1.057818279127867e-12,4.0052630809674075e-13,1.0352643882969618e-05,1.323488760617164e-21,4.022105107748962e-11,4.958431258751433e-09,2.0551237486865916e-11,2.1440854863824165e-10,4.282827492322869e-07,2.2530360486773052e-11,8.697425963693841e-05,4.38966062775321e-09,1.509979823468194e-08,1.992890172178588e-12,3.394107356835876e-09,1.8424888016997065e-06,4.017115143002637e-07,5.4929763796087886e-06,5.007387260976879e-33,9.032384849805069e-05,1.0593601553219572e-12,1.7740652111042703e-07,8.975889182007915e-07,2.787452395749871e-06,1.6048915104384242e-16,8.67873491260009e-15,7.043846700109939e-05,5.545941612106682e-06,8.257257510882772e-18,1.0343167462034712e-08,1.2306402120825943e-22,2.0020029835433678e-07,4.9740336743312095e-06,1.536736758443706e-11,5.550837941958576e-06,1.3870521974462637e-07,3.5482719680288575e-06,1.4417902512360402e-08,2.585821410902889e-10,4.940032480454517e-07,3.4024364475042796e-08,7.601996150450141e-10,2.4789058032708176e-13,2.1039265921371878e-10,3.6099934260203986e-11,3.740998469516259e-07,1.1123038369231518e-16,2.588350133820951e-09,1.120037405383213e-16,3.4137769860442634e-12,7.930910482245181e-07,1.2048063203464285e-09,2.6523836574078675e-09,5.49848562252547e-11,1.1978333964796367e-22
0.027882812500000003,0.4868096653474625,526.8274687790323,0.6519028610228507,0.6920795538138707,0.0,0.04125274525495634,8.56344234014847e-08,0.04553850380971323,0.19333038266300492,0.015014294183470183,3.018505608190698e-29,1.380613396133716e-21,4.729463239338132e-11,1.3281209004450708e-10,0.0009782396876041812,4.017994264590689e-83,2.340944739121e-24,1.5280578606539027e-05,8.370781249917944e-06,0.005122025290958971,0.003731584869303379,7.059608562582471e-10,1.428997152234637e-14,6.553830427219502e-08,2.8185025866929755e-05,1.832746770346609e-12,1.01919598911408e-18,0.0001879165887287563,8.350864091739343e-20,8.295113645891522e-15,1.4751604664833369e-05,6.858224036518201e-08,2.945778421264478e-05,2.6706290076992814e-12,0.00023306995960885465,5.2544693791743915e-05,1.2408041397161733e-10,3.430775587211668e-11,2.666807713440866e-10,1.8416891156781934e-11,5.040778855035155e-07,1.2298583142281102e-12,0.0007100996080893627,9.719021088121754e-06,0.0001614766163953288,8.263075549558532e-05,4.087547955199024e-12,1.1434322744546623e-07,0.00030006666564177985,2.1467893381460735e-05,1.921256341591325e-12,2.018420342022274e-06,1.7124487941684176e-05,0.0005204221478364545,0.0001005127763925368,1.924002043988009e-07,6.395735293977016e-13,2.7891443130821423e-22,1.9464490704858224e-10,3.9631728940328745e-25,7.444934325360376e-21,1.0110945595907133e-21,1.2538631992316982e-05,1.1552219610703622e-11,2.4862108389615736e-08,2.7360243037777194e-11,8.621240380778905e-11,1.9373821765390934e-20,7.5262080001682346e-06,2.018593375768355e-08,1.87232558908533e-19,5.210720619265336e-11,4.2444335905623717e-16,1.147466769327681e-17,1.2360684229731897e-12,9.036278453592753e-15,1.6899916634797654e-17,2.3319533150048667e-06,2.3196427840310204e-05,1.277101449959967e-06,2.8525055489805898e-05,6.66476869283659e-08,6.834157876505311e-05,1.4257164021359596e-11,4.4874277629792905e-10,3.560729028534488e-24,3.539729552785511e-11,2.931072249175129e-13,9.539217004554678e-17,1.368211349111211e-22,4.2868538823596116e-13,9.768899420000558e-10,9.50084446655074e-13,1.1656454081749633e-12,6.517858633169164e-13,1.1147220179392915e-05,1.7621329569982126e-21,5.746934602382424e-11,6.880797402218163e-09,2.7058560973047465e-11,3.407139252446665e-10,4.6072099772505684e-07,2.659806913899828e-11,9.342907595072821e-05,4.13473090490553e-09,1.636065674973016e-08,2.1408222869890983e-12,3.79867580965239e-09,2.0057547777587447e-06,4.2362046800594515e-07,5.932934645164222e-06,8.129812623302877e-33,9.687950247531792e-05,1.1227332604488696e-12,1.8930970024582502e-07,9.647744057383953e-07,3.0799532975291487e-06,2.0619076431189987e-16,1.0626963428582089e-14,7.494898339705564e-05,5.990923517339538e-06,1.1775627068012433e-17,1.1035267402204967e-08,2.507728551401025e-22,2.240162968188821e-07,5.3849034388438005e-06,2.7059732673853463e-11,5.8995871273993e-06,1.4870723263803602e-07,3.7340948444643404e-06,1.668100738331153e-08,2.5873188573027957e-10,5.35773457536654e-07,3.658479073435674e-08,8.340362701337048e-10,3.0080248834467935e-13,2.2761948429682267e-10,5.093027001743355e-11,4.35037436498945e-07,1.3839651812921166e-16,2.764417264961363e-09,1.4579474745157206e-16,3.666502466283429e-12,7.534906074926312e-07,1.1780498641800984e-09,2.8789162535375147e-09,5.603776904733877e-11,1.9912697944866104e-22
0.027886718750000004,0.49292024482020885,533.3393918963147,0.6438214233406887,0.6920179095445107,0.0,0.04120500204593384,8.964277386414071e-08,0.045333974429533005,0.19276285122118172,0.015429693097612987,5.062671220875247e-29,2.01401706170752e-21,5.456043378591372e-11,1.6267565519799166e-10,0.000986910013314679,4.004685933490184e-83,2.3408922412455144e-24,1.5929984257323762e-05,8.704604452994749e-06,0.005285296391162131,0.003884248458897272,8.246073812933361e-10,1.7842566631800947e-14,7.85818991074149e-08,2.9303944407498694e-05,2.197111342649517e-12,1.3953114672104795e-18,0.00019509671289780802,1.1296957537675589e-19,1.0347405136145345e-14,1.533901028736045e-05,7.61765654571366e-08,3.080499218343489e-05,3.1253887413466786e-12,0.0002421834199313922,5.478761166907043e-05,1.5367801129471946e-10,3.670117741201163e-11,2.7266177901463463e-10,2.2840452872998468e-11,5.276974654267272e-07,1.5045556127318932e-12,0.0007309388744173111,1.0166295400298119e-05,0.0001692665531894148,8.664257810164333e-05,5.027683223559287e-12,1.1455512159702854e-07,0.00031748404803456963,2.2567479004342768e-05,2.2686243584797473e-12,2.3937622539010237e-06,1.890776711735019e-05,0.000550575694038698,0.00010552399991268881,2.052882322554502e-07,8.323166907861273e-13,4.685250179937281e-22,1.9817542186144457e-10,4.6156757732179015e-25,1.0356492578282326e-20,1.4232587745586682e-21,1.6047715770861134e-05,1.229355135316211e-11,2.4282279019308174e-08,2.9917942605018524e-11,1.1180555842272921e-10,2.5914183600066014e-20,8.16668814253025e-06,2.185988344165333e-08,2.837714444250256e-19,5.916626771087412e-11,6.453593229977651e-16,1.5008478380216427e-17,1.609192722721847e-12,1.0931813840529028e-14,2.1714686873377695e-17,2.4440664652827437e-06,2.1984725731869424e-05,1.3556347664102463e-06,3.0360283184049155e-05,9.487125221660553e-08,7.103601881188616e-05,1.5206696654547677e-11,4.3506369927512523e-10,7.128670106815732e-24,4.199522790481591e-11,3.494205645179192e-13,1.0723842309560296e-16,2.2274199241442174e-22,4.738341728168955e-13,1.0638243209268474e-09,1.3371531239618855e-12,1.2850653950430986e-12,1.0590758946233275e-12,1.200012071340485e-05,2.351675640595707e-21,8.158367214264306e-11,9.684840428043793e-09,3.587552934348744e-11,5.412190467102773e-10,4.954778241997093e-07,3.137540343973539e-11,0.00010033619032202119,3.897104526141543e-09,1.7722354853478804e-08,2.300603521087995e-12,4.2508187290078795e-09,2.1827511306818057e-06,4.399180532735983e-07,6.406547061040888e-06,1.34996127408537e-32,0.00010383022538588507,1.1895306621914207e-12,2.0195220122988836e-07,1.0367190636034351e-06,3.4025556533244117e-06,2.652966230221003e-16,1.302507560802078e-14,7.972666820487091e-05,6.467259403545596e-06,1.6774990414702197e-17,1.1770527502744251e-08,5.136268088499897e-22,2.506356440087075e-07,5.828158250518821e-06,4.790275115480697e-11,6.26853669393406e-06,1.593886403820903e-07,3.927590440853063e-06,1.9430457053312822e-08,2.6090194888563624e-10,5.80934672969008e-07,3.932772423652052e-08,9.101927745858123e-10,3.6308366061918904e-13,2.4493419554847723e-10,7.237455191994247e-11,5.013639913576998e-07,1.7139098289944446e-16,2.9527320687479723e-09,1.8872508004694128e-16,3.93691425912942e-12,7.072484754674359e-07,1.152577489296681e-09,3.1400945907375672e-09,5.6446592662802176e-11,3.306701551029192e-22
0.027890625000000002,0.4991565541377889,539.9843267010765,0.6357777153938446,0.6919551674274355,0.0,0.041153463134411705,9.390790457248837e-08,0.045125134655957654,0.1921808943626117,0.015852869091097302,8.631159408565086e-29,2.9697203579684066e-21,6.315331174859252e-11,1.995088027145124e-10,0.0009955910001201405,3.991597724235322e-83,2.3408447607817577e-24,1.6606029423680984e-05,9.049064412170417e-06,0.005452710115283072,0.004042198655037796,9.634192683615686e-10,2.243808651508829e-14,9.483222389261069e-08,3.046094061381483e-05,2.647913369674165e-12,1.9110630207522878e-18,0.00020250422356552286,1.5369484067494603e-19,1.2999637609359573e-14,1.5945565032536554e-05,8.457918250218539e-08,3.2205203757452704e-05,3.663539001924126e-12,0.00025159190468829103,5.7112066402176446e-05,1.9201887268088084e-10,3.942475487031896e-11,2.780089053307083e-10,2.8486873656779472e-11,5.52306020974337e-07,1.830950925349264e-12,0.0007522287935990451,1.063137217475026e-05,0.0001773850140503906,9.086733990994495e-05,6.233412432716573e-12,1.143272604707453e-07,0.00033580839935320046,2.3717027930535855e-05,2.6859789829904056e-12,2.839330924382939e-06,2.087898931548489e-05,0.000582300328512027,0.0001106749247911766,2.189743349030738e-07,1.088070592310568e-12,7.887889117994637e-22,2.0193667627718098e-10,5.40068713854026e-25,1.438220408549338e-20,2.0000421751510328e-21,2.003733329430677e-05,1.3086801252541e-11,2.3729652827699235e-08,3.27160384147314e-11,1.4481605866633608e-10,3.4653689364360727e-20,8.857379459465914e-06,2.3658033625041804e-08,4.296738566687905e-19,6.716862757231819e-11,9.830037362324562e-16,1.9641710141100457e-17,2.1036015147667525e-12,1.3316403907727053e-14,2.785578455367215e-17,2.5606557883139807e-06,2.0353424258457894e-05,1.438571309410055e-06,3.2304071389805655e-05,1.3236317650736978e-07,7.380067086969251e-05,1.622119829450196e-11,4.221152364863214e-10,1.4267150509873933e-23,4.985584187195056e-11,4.168870131157808e-13,1.2057931516539184e-16,3.672167535275174e-22,5.217977394542896e-13,1.158169226992821e-09,1.872336285394092e-12,1.4174607244938167e-12,1.7220243766475637e-12,1.2914968602488249e-05,3.1456901886109387e-21,1.1500227099660391e-10,1.3819779117471432e-08,4.774844586065672e-11,8.623740471159662e-10,5.326874445314236e-07,3.697668986780407e-11,0.00010772160245575046,3.6750652853526616e-09,1.919169408473439e-08,2.473180334584785e-12,4.755432352430103e-09,2.374357085322436e-06,4.4859022784507265e-07,6.915972310645464e-06,2.3117414930931267e-32,0.0001111829929836459,1.2598823258619321e-12,2.1536987926952733e-07,1.1137007289693965e-06,3.75798406341845e-06,3.418825964264957e-16,1.5980362810048604e-14,8.478396463091149e-05,6.975811648280272e-06,2.3866327710386697e-17,1.2551097514592135e-08,1.0557794155393815e-21,2.8035311565229517e-07,6.305875906369019e-06,8.511101412968684e-11,6.658600611960347e-06,1.707871263735848e-07,4.128802271349116e-06,2.279377113255291e-08,2.6570415422666566e-10,6.297200635694255e-07,4.2263904434595787e-08,9.866508405675143e-10,4.3539336666537334e-13,2.6176993454460294e-10,1.0374666889783247e-10,5.727868211943831e-07,2.1143119482423277e-16,3.154170841392023e-09,2.4261990642694067e-16,4.226030478170528e-12,6.558252402408636e-07,1.128241692888195e-09,3.4429724295350455e-09,5.62271766227635e-11,5.503560620136845e-22
0.027898437500000005,0.5120022989067252,553.6698905476942,0.6198265404105182,0.6918272664868488,0.0,0.04103904777708129,1.0322740026030174e-07,0.04469722204258625,0.19098103241588732,0.016716884908500155,2.5273461705459387e-28,6.5051163839432684e-21,8.507893189117608e-11,2.983706937185155e-10,0.001012870609281361,3.9660856586081114e-83,2.340764071619563e-24,1.803143874212928e-05,9.76555001998744e-06,0.005797861429116797,0.004372137440400024,1.3110516848626689e-09,3.576927696763556e-14,1.390730049014935e-07,3.287628768496637e-05,3.87485805309323e-12,3.574195219392294e-18,0.00021791289780385539,2.862638808322257e-19,2.068792749038411e-14,1.7208846521673023e-05,1.0388928381416462e-07,3.514945771549096e-05,5.045386006929445e-12,0.0002711819120778066,6.197931065156949e-05,3.0370312481847895e-10,4.6026422771785e-11,2.8700155486116315e-10,4.449753405871772e-11,6.042483908759398e-07,2.665918082187562e-12,0.0007958830749856722,1.1609914466339429e-05,0.00019452325642405253,9.993730574364464e-05,9.764660083635303e-12,1.1253829737978963e-07,0.0003750217775941182,2.6154824649796543e-05,3.7803969742657926e-12,3.970491296539901e-06,2.541154722438776e-05,0.0006501935996001395,0.00012129359453796418,2.4866052933174264e-07,1.871092190660648e-12,2.207644678029368e-21,2.1002647499014912e-10,7.459454852267948e-25,2.7570469278451305e-20,3.9257983823043845e-21,2.9152226840031728e-05,1.4813856406647484e-11,2.2659212491186345e-08,3.904209299879562e-11,2.418773360508158e-10,6.18689986773205e-20,1.0388110134595237e-05,2.7616999933700463e-08,9.752577814290772e-19,8.621256032491115e-11,2.2537223765122162e-15,3.336835366045043e-17,3.6202196862306533e-12,1.9906208338163716e-14,4.5547845184484726e-17,2.805861238453723e-06,1.6255614929091635e-05,1.6170376166502935e-06,3.6504465381887766e-05,2.3935854373167696e-07,7.94943706428342e-05,1.8417988915169874e-11,3.9789272690952313e-10,5.605526286012204e-23,6.994742522806916e-11,5.896218160066081e-13,1.5198787058652353e-16,1.010923337863777e-21,6.23821347668475e-13,1.3692817477202842e-09,3.5334139144347894e-12,1.7238926833746493e-12,4.469880531318189e-12,1.4928382078435881e-05,5.661153550441516e-21,2.2036010332206935e-10,2.8011947723148263e-08,8.27984589823652e-11,2.135182195812958e-09,6.143349536713375e-07,5.112613534854158e-11,0.0001239000723355683,3.273103878033064e-09,2.2452765324926025e-08,2.851741478025858e-12,5.929515536549975e-09,2.8011675767313224e-06,4.374094045280051e-07,8.041487005331099e-06,7.609491199610834e-32,0.0001270026257095054,1.4106357637021167e-12,2.4444743107365745e-07,1.28251247867545e-06,4.5705666633598e-06,5.663019502947286e-16,2.391636262057842e-14,9.57031184054686e-05,8.083482171257521e-06,4.8033343295908555e-17,1.4243544031544098e-08,4.068864232098916e-21,3.4957023482906037e-07,7.363871977464439e-06,2.4572522990912954e-10,7.499297610536896e-06,1.956862531842251e-07,4.5516699829945375e-06,3.178533054538745e-08,2.8536941150619056e-10,7.381688199179227e-07,4.870641905799532e-08,1.1285205890158365e-09,6.072534895126496e-13,2.911426958780424e-10,2.1403324964899556e-10,7.288402767959771e-07,3.168706296770581e-16,3.596302334183971e-09,3.8847124632926435e-16,4.8593163798885965e-12,5.43281062771708e-07,1.0811783952748334e-09,4.188622247286506e-09,5.4055037995971395e-11,1.4903392285037836e-21
0.027906250000000004,0.5253469179430126,567.8824075496357,0.6040819937731372,0.6916952456891701,0.0,0.04090741972743927,1.1392619723699468e-07,0.044252307773991154,0.18972351529289164,0.01761088511425772,7.838851628663056e-28,1.478966329075415e-20,1.1666363226940998e-10,4.4897702526612563e-10,0.0010301761207247653,3.941567024624947e-83,2.3407006767010183e-24,1.9571509797355453e-05,1.0524073739720287e-05,0.00615958065693477,0.004723764979895694,1.7825936917516702e-09,5.822810903193854e-14,2.0751077886296598e-07,3.5450834114350304e-05,5.802471310530189e-12,6.684071179204918e-18,0.0002342463369395739,5.474718915496673e-19,3.361943089213967e-14,1.854989052084276e-05,1.271988382609731e-07,3.831408695967699e-05,7.002131482355505e-12,0.0002919726582284114,6.718256724020179e-05,4.944091777599025e-10,5.4803505347306154e-11,2.950090992176437e-10,7.114786826743521e-11,6.604053141495744e-07,3.792612205256017e-12,0.0008413077629587413,1.2662418318261924e-05,0.00021303478918422556,0.00011000897579300097,1.602652725918722e-11,1.0903066372919018e-07,0.0004180999022517806,2.8803337392338604e-05,5.387903167024391e-12,5.53887402883185e-06,3.09096134757103e-05,0.0007247962838214594,0.00013228293367727173,2.818480715686627e-07,3.2852013575509963e-12,6.1426162416842936e-21,2.1934588992613757e-10,1.0556686049290697e-24,5.236603145409238e-20,7.633995765383497e-21,3.920941523974978e-05,1.677748038794897e-11,2.1682552560061678e-08,4.6551121933332227e-11,4.012401837631153e-10,1.1017108244189933e-19,1.2141548460891792e-05,3.210105286534918e-08,2.190325019019116e-18,1.1011434249012422e-10,5.0590133421666715e-15,5.683371707753249e-17,6.3151720673782145e-12,3.0367693338629127e-14,7.384223570948957e-17,3.0689006655584862e-06,1.2032374730305086e-05,1.8145446175804127e-06,4.117791494649958e-05,3.9176042067887774e-07,8.541096854951642e-05,2.090809691509576e-11,3.7655185669579677e-10,2.170902906619307e-22,9.821292805318412e-11,8.334006620647819e-13,1.9141028271356376e-16,2.781155081657586e-21,7.267120809851145e-13,1.6147311560462447e-09,6.361534219397138e-12,2.1004756049306474e-12,1.1456423771197554e-11,1.7222027412985444e-05,1.0270204517934087e-20,4.006953890225625e-10,5.8289399927065767e-08,1.4560959755399173e-10,5.254190402046549e-09,7.069119404620486e-07,7.026120149838988e-11,0.00014221333369064207,2.9203603355139016e-09,2.620538352916942e-08,3.2883335052364022e-12,7.360016282566424e-09,3.292817933049341e-06,3.889611035736635e-07,9.32935475953589e-06,3.123283546008212e-31,0.0001443479724193795,1.576422761106098e-12,2.7690686594292324e-07,1.4738570709180635e-06,5.541020926234527e-06,9.415555762217159e-16,3.580006337310302e-14,0.00010783911153378333,9.311302188172607e-06,9.590380421535702e-17,1.6134686834672276e-08,1.5868344857417906e-20,4.341696278652531e-07,8.576464309164988e-06,7.192335449611207e-10,8.431596694911905e-06,2.2377178671557883e-07,5.004093686904535e-06,4.556874464402566e-08,3.266095654399957e-10,8.632190706301524e-07,5.6014357378700906e-08,1.2333700424719457e-09,8.076927928104486e-13,3.094290585091813e-10,4.5162607480405473e-10,9.007528200342336e-07,4.72531808099091e-16,4.100530722885973e-09,5.92134151609048e-16,5.5761304283994165e-12,4.3097709963116837e-07,1.0382188462133713e-09,5.200734875545985e-09,5.0212302071968227e-11,4.0021820863005295e-21
0.027914062500000003,0.5391919519654594,582.622839068433,0.5885707538044207,0.6915592946576427,0.0,0.040756534488239335,1.263394918394444e-07,0.04379022605107526,0.18840728419207736,0.01853473339011638,2.5641374204971653e-27,3.4721092397691133e-20,1.6312133630150164e-10,6.783944087579988e-10,0.0010474999043269425,3.918154817903888e-83,2.3406549476353814e-24,2.1233828545241793e-05,1.1325089891880974e-05,0.006538194983675965,0.005097924174062621,2.4210863248872293e-09,9.614782263617955e-14,3.1262372640787794e-07,3.819355259074031e-05,8.893457773255362e-12,1.249984885656262e-17,0.0002515344769831792,1.0783488583568303e-18,5.540892414383062e-14,1.997116174053283e-05,1.550750075446341e-07,4.170992672722138e-05,9.80771465345814e-12,0.0003140038446290382,7.273615166565327e-05,8.256990230762204e-10,6.666583588380868e-11,3.0320944713283603e-10,1.1622891592318284e-10,7.210754548065403e-07,5.267636158987372e-12,0.0008885166460204016,1.3792476838348303e-05,0.00023299276973359856,0.00012122863092021649,2.8031445392841346e-11,1.039624926980805e-07,0.00046530802408016305,3.167522745032672e-05,7.803206109124826e-12,7.701166920830714e-06,3.7575672455607134e-05,0.0008065750146453726,0.0001434835527244598,3.188571191479501e-07,5.895098421343047e-12,1.692393914468072e-20,2.302553082866141e-10,1.5355531256493122e-24,9.842536907125028e-20,1.4687207057466877e-20,4.980632539979026e-05,1.9012998181219885e-11,2.0799732308281378e-08,5.5456861100181135e-11,6.604708181380983e-10,1.9553654747760623e-19,1.413990198128312e-05,3.712873235986543e-08,4.857871189343621e-18,1.399731402859772e-10,1.0934023750621296e-14,9.682159812553344e-17,1.1108480127206716e-11,4.6971950345386165e-14,1.1859319415476745e-16,3.3497875656986254e-06,8.441587693894759e-06,2.032612832871794e-06,4.636491732789187e-05,5.8417429096774e-07,9.149546698474896e-05,2.3734789132544187e-11,3.58309566306641e-10,8.256771692217769e-22,1.3800559229455432e-10,1.176583950907271e-12,2.4081932189687986e-16,7.44334397307961e-21,8.168685900584867e-13,1.8991842229474896e-09,1.0771855368580963e-11,2.5683171643323114e-12,2.8901910339945462e-11,1.982843931484113e-05,1.8771818162975165e-20,6.830195347922752e-10,1.2143340310583124e-07,2.5513505379029225e-10,1.2809889463452371e-08,8.115313896992548e-07,9.587386535503779e-11,0.00016288602355238362,2.611503924686562e-09,3.0510520162684e-08,3.7930174405080484e-12,9.089249629157046e-09,3.8550740147531475e-06,3.1717175347629577e-07,1.079873304103225e-05,1.5860684926712187e-30,0.00016313329360926135,1.7580942930771414e-12,3.1304055095822475e-07,1.6901488458510993e-06,6.695769286981652e-06,1.5715933652882233e-15,5.356144984057517e-14,0.00012129520537750666,1.0639463928182228e-05,1.8976355163265503e-16,1.8242605006028965e-08,6.055625843235472e-20,5.371457825325719e-07,9.958005318294955e-06,2.0642789821239093e-09,9.463050049030501e-06,2.5536777925849014e-07,5.4857424708477495e-06,6.708753420881574e-08,4.037393967086769e-10,1.006972283889829e-06,6.42812080044442e-08,1.2738547110384911e-09,1.012692621663377e-12,3.1084895015403503e-10,9.665061235885038e-10,1.0874016988879304e-06,7.06529798030719e-16,4.676607515161286e-09,8.491532665104714e-16,6.3853183884884865e-12,3.300904215642935e-07,9.999141160792535e-10,6.563680584947896e-09,4.5478220641407506e-11,1.0606806766616208e-20
0.027921875000000006,0.5535383440032814,597.8913183320333,0.5733164053612632,0.6914197840036613,0.0,0.04058417689428077,1.408854747097555e-07,0.04331083591276525,0.1870314261700794,0.019488266435815263,8.970000106046681e-27,8.426994187249014e-20,2.3281359526171954e-10,1.0275178861980706e-09,0.0010648350836749312,3.895950552610747e-83,2.3406278746022998e-24,2.3025930656524627e-05,1.2168861715575378e-05,0.0069340188709364385,0.005495457777488942,3.2856573513666256e-09,1.6016389645073185e-13,4.723304913894412e-07,4.11144348889366e-05,1.395882332067378e-11,2.3427184131214692e-17,0.0002698069365118746,2.2021219254237355e-18,9.207222934222544e-14,2.147508350727162e-05,1.8800372368579644e-07,4.53477900721058e-05,1.3897100404351188e-11,0.0003373147262301615,7.865456020742752e-05,1.414831336176053e-09,8.294615198576891e-11,3.1252997294354674e-10,1.9341872912691574e-10,7.865907122514218e-07,7.1438935961277925e-12,0.0009375219407052966,1.5003725703857305e-05,0.00025447160132945393,0.00013377185192428877,5.368244169483742e-11,9.763081077296718e-08,0.0005169165627247868,3.4783479990858985e-05,1.1570049491955542e-11,1.0662447668824738e-05,4.5653177760636734e-05,0.0008960074197100506,0.00015468395380850234,3.600269348176891e-07,1.0830007245204848e-11,4.6429969459476426e-20,2.431819237606699e-10,2.301225305121199e-24,1.8286430552871795e-19,2.792320440913628e-20,6.091121642644189e-05,2.1560621270070926e-11,2.0008861557123318e-08,6.600864570185337e-11,1.0779556268507065e-09,3.456939222619534e-19,1.6405415931204663e-05,4.269249586780205e-08,1.0634456288470511e-17,1.7710089267668093e-10,2.236868370117582e-14,1.6466568281383065e-16,1.9457207526510254e-11,7.328208574947415e-14,1.8853785258194785e-16,3.648014271538732e-06,5.739016159201986e-06,2.272832863202852e-06,5.21077649498727e-05,8.087176227249359e-07,9.766654908380158e-05,2.695313838110148e-11,3.432647838492988e-10,3.0861585932048524e-21,1.9402071822233708e-10,1.6581206905603338e-12,3.033798317007342e-16,1.8934240973747464e-20,8.738072233123088e-13,2.2277923244351685e-09,1.7009512216734323e-11,3.1575599667339406e-12,7.221113218676131e-11,2.2783157241169228e-05,3.454866984633147e-20,1.0833674851276588e-09,2.4866889767411333e-07,4.360308784047931e-10,3.13418895710821e-08,9.293409502542606e-07,1.2975921426505558e-10,0.00018615896472796466,2.3409771817286195e-09,3.5434844743157197e-08,4.377741688690794e-12,1.1154972455671329e-08,4.493259349904362e-06,2.4184597188146336e-07,1.2470460625050783e-05,9.238268943534078e-30,0.00018317979633654003,1.956366181894888e-12,3.531519584018083e-07,1.933986665322469e-06,8.064870436352856e-06,2.6345497311829023e-15,8.008034037825335e-14,0.0001361798673916293,1.2020665416589282e-05,3.7166541708069397e-16,2.0586433630182744e-08,2.238959872212131e-19,6.619862412576782e-07,1.1516969591944854e-05,5.753462685631051e-09,1.0601585452570608e-05,2.908212142144475e-07,5.996138315039552e-06,1.0087810584375332e-07,5.413276335602189e-10,1.1717323352463604e-06,7.360768995145918e-08,1.2346665141802391e-09,1.1879383880912439e-12,2.931302419010636e-10,2.0783409994269276e-09,1.2899108727545905e-06,1.0667043658432088e-15,5.336355207757503e-09,1.136857593873037e-15,7.296424004496097e-12,2.467610516500553e-07,9.663518496480924e-10,8.321835145507484e-09,4.052782124538944e-11,2.7897229761860883e-20
0.027937500000000004,0.5836988457651857,629.97598862773,0.5436923782118539,0.6911359235295523,0.0,0.04017410083605636,1.7734917578221942e-07,0.042313797917843385,0.18413948452321838,0.021455977600365526,9.879372474782574e-26,4.648863380501671e-19,4.771709620480376e-10,2.2470922012196967e-09,0.0010990525448549293,3.855029453646791e-83,2.3406328415419103e-24,2.6963718254625907e-05,1.3959395118979306e-05,0.007766446215856586,0.0063509351347077695,5.937494352723251e-09,4.259778249844523e-13,1.0209389091384023e-06,4.743285649489667e-05,3.400835757806976e-11,8.142444696829709e-17,0.0003088358739851539,9.258091022826232e-18,2.4345376369555623e-13,2.469182584343862e-05,2.686849865852627e-07,5.3266207760036213e-05,2.830408107976483e-11,0.000387178727475512,9.144619820884875e-05,4.035730863031816e-09,1.3499315438152952e-10,3.3447362911370024e-10,5.090101413380643e-10,9.311632468233293e-07,1.2252116409565874e-11,0.0010395126158297587,1.7642744010693425e-05,0.00030153763061577374,0.00016302439845618016,2.1915502257931546e-10,8.263196702164822e-08,0.0006324654420328245,4.16493137899736e-05,2.6520525159200843e-11,1.9625290220199936e-05,6.658462260489921e-05,0.0010963618423632247,0.0001759869849997676,4.545240160247364e-07,3.63567407308933e-11,3.2066240490886993e-19,2.7531533937334705e-10,5.341662468822185e-24,6.067766473442972e-19,9.690051059378557e-20,8.50845691457116e-05,2.7507485682504923e-11,1.8512015875188715e-08,9.233165424520813e-11,2.7890422092260653e-09,1.0636484912607987e-18,2.172358819456654e-05,5.509065240879783e-08,4.7760567424480023e-17,2.7625730977557287e-10,7.354538901032824e-14,4.483249252835811e-16,5.304273582430138e-11,1.7104802359540585e-13,4.592465356230529e-16,4.2834051328214635e-06,2.5729285703555976e-06,2.8166982168869243e-06,6.519859495420923e-05,1.3383883955364185e-06,0.00010976133683994315,3.440302865941979e-11,3.1966393420835157e-10,3.873047543832941e-20,3.713014050635641e-10,3.156816866540183e-12,4.758869730443492e-16,9.615641814275142e-20,8.134680998023915e-13,3.022387419803486e-09,3.449375892430765e-11,4.8030294044767455e-12,4.016026678081919e-10,2.9749049974110644e-05,1.185388482819046e-19,2.197441039563271e-09,8.45036832093748e-07,9.710167602865278e-10,1.6114461379664156e-07,1.203867434523309e-06,2.300690231839451e-10,0.00024046482015282144,1.8900304350920754e-09,4.7181615181148886e-08,5.760044706393692e-12,1.618584326133785e-08,5.989688067957745e-06,1.252168320471497e-07,1.6429281444690478e-05,3.4178343219620175e-28,0.0002255643352208111,2.3977187897945115e-12,4.448853323120234e-07,2.504148395887493e-06,1.1495396450872583e-05,7.321467140260706e-15,1.7255583482598988e-13,0.00017007471697773026,1.4639443425871752e-05,1.3715693436580394e-15,2.5962792818699284e-08,2.06832184970227e-18,9.843472743640137e-07,1.5063804058419035e-05,3.076917793842083e-08,1.318670551582966e-05,3.73185195642373e-07,7.085946649247948e-06,2.2193350382396287e-07,1.1154505304330909e-09,1.5658700945146899e-06,9.543780067889576e-08,9.59968616805575e-10,1.3413167105123721e-12,2.158344305412758e-10,8.280440459590838e-09,1.7461537463762284e-06,2.4003028080535416e-15,6.926006034049204e-09,1.6598988444966975e-15,9.423562437994851e-12,1.3536152910912863e-07,9.030411325097485e-10,1.2249666823318658e-08,3.1434528692379846e-11,1.779388387815053e-19
0.027945312500000003,0.5995290401160651,646.8002255150777,0.5293365164632399,0.690989632169775,0.0,0.03992604994514458,2.018857953293147e-07,0.04178305578444109,0.18258502138057917,0.022495303318039866,3.83356295100077e-25,1.194634038875659e-18,7.177433367128316e-10,3.4337061894363698e-09,0.0011163826240948558,3.8367258159820926e-83,2.340670120930403e-24,2.9175791830803625e-05,1.4926724069842528e-05,0.008214355872131063,0.006821511903213973,8.01250206489866e-09,7.158042235183373e-13,1.5206831645261176e-06,5.0945497857039456e-05,5.634630188952588e-11,1.5391125609931728e-16,0.0003301510399568366,2.0705115896283197e-17,4.0690161465643177e-13,2.645053351886449e-05,3.173311348614871e-07,5.766393817049632e-05,4.166838968286444e-11,0.00041444729556934794,9.851391876746296e-05,7.098061890832298e-09,1.7816979378885032e-10,3.5207833834824996e-10,8.733750328874249e-10,1.0131682817787963e-06,1.563240631771895e-11,0.0010938374340290133,1.9111633572184815e-05,0.00032787789952403335,0.0001808335107668431,5.149003243799616e-10,7.515961816106965e-08,0.000698351630824983,4.5521462838884033e-05,4.3235623213483326e-11,2.6714772649301146e-05,8.0662361992899e-05,0.0012107560371671991,0.0001853116453166274,5.098113549585757e-07,6.99430531240016e-11,8.342543799711348e-19,2.978295714435232e-10,8.766664477520034e-24,1.082124322294232e-18,1.7659097625621553e-19,9.905297624693208e-05,3.1224679543624374e-11,1.7967852962967358e-08,1.0947010952666536e-10,4.417525095148104e-09,1.849365194254772e-18,2.486193006781743e-05,6.16305196994757e-08,9.893476105478055e-17,3.4327695669714374e-10,1.1806805839355754e-13,7.595943593520005e-16,8.507408077087993e-11,2.6936662928552856e-13,7.045742394972687e-16,4.619346003580475e-06,1.7246923676728876e-06,3.130697272024271e-06,7.279567740954798e-05,1.6664536221747016e-06,0.00011536482512469287,3.909949307733297e-11,3.1603954011704884e-10,1.3400818272576148e-19,5.226621516381034e-10,4.407917339521915e-12,6.012627308300057e-16,1.9118146507029236e-19,7.039909307210772e-13,3.51081064541334e-09,4.493894318403106e-11,6.0576714160738395e-12,9.155397090777023e-10,3.393776720385884e-05,2.215543463331502e-19,2.8768462962916295e-09,1.5174986885509172e-06,1.6004773046563308e-09,3.6299696036043284e-07,1.3656114372490044e-06,3.0038377977784724e-10,0.00027272780021710537,1.7081309232865552e-09,5.431296718470554e-08,6.6539496266495215e-12,1.9083094332030384e-08,6.8689720205654355e-06,8.873753121485301e-08,1.8816059308656748e-05,2.0670938108759115e-27,0.0002469025715241664,2.6451827515254295e-12,4.982465372298793e-07,2.8437361254304105e-06,1.3678935281409878e-05,1.2489589270539853e-14,2.562060836637916e-13,0.00018974716055881961,1.5556413059314625e-05,2.5901467356153836e-15,2.910597466391283e-08,6.963073215832062e-18,1.1955421184058085e-06,1.6974268180859065e-05,7.884598304425573e-08,1.4683469561584012e-05,4.219366915709793e-07,7.675976743479292e-06,3.4173487847719776e-07,1.8124446718257093e-09,1.8057995818672732e-06,1.0845248092317673e-07,7.896678044794012e-10,1.3215245271273736e-12,1.7286772423419543e-10,1.6274401455851264e-08,2.0172277975476444e-06,3.7920180862099446e-15,7.925145898062731e-09,1.8526719302618334e-15,1.0690082961709419e-11,1.0025973882494516e-07,8.847433635425598e-10,1.4668149833046465e-08,2.7691873613062477e-11,4.410270718099312e-19
0.027953125000000002,0.6158596980826682,664.1459818361454,0.515300180546948,0.6908428936381953,0.0,0.03964630344347231,2.3143114849504394e-07,0.04123467276114732,0.18096866734248435,0.023563462414106815,1.4530971474618114e-24,3.0203378910203543e-18,1.0786561185967164e-09,5.19079749105444e-09,0.0011337046393116693,3.819613731721945e-83,2.3407355432918282e-24,3.15388814724475e-05,1.5935365597216078e-05,0.008680572165782323,0.007318723049941515,1.0786944044795415e-08,1.1910109174078115e-12,2.226231932141511e-06,5.4689043753122996e-05,9.316211139704606e-11,2.927040186195936e-16,0.00035256238470976237,4.656052695956171e-17,6.730357205407895e-13,2.8300861537559775e-05,3.704042240843775e-07,6.23350418226692e-05,6.189103055171558e-11,0.0004431427359079882,0.00010600456386120668,1.2371190975853663e-08,2.3857486121911613e-10,3.7358793951988015e-10,1.4744496774516578e-09,1.1018082216619476e-06,1.9683076468967155e-11,0.0011499925848462444,2.0676172227564346e-05,0.00035603784387440283,0.00020104290985149237,1.2303338797862443e-09,6.815523631164343e-08,0.0007696746175110312,4.968304625708611e-05,7.32225231053612e-11,3.608719713571792e-05,9.76228504025831e-05,0.0013347157554647485,0.00019313351619439838,5.707563691727344e-07,1.3377579579195845e-10,2.125178335463456e-18,3.2503598558644944e-10,1.46464397798523e-23,1.9012808568250788e-18,3.168594446976168e-19,0.00011462448903522623,3.5452649837738864e-11,1.7494663201937853e-08,1.2961364170917521e-10,6.922065802536497e-09,3.194088196354453e-18,2.8335501692980256e-05,6.804406461737615e-08,2.006917368171528e-16,4.250727180183071e-10,1.7667205281237204e-13,1.2681479697113574e-15,1.2614169711656894e-10,4.202517673031136e-13,1.0671962111455124e-15,4.95894849704751e-06,1.166513816820065e-06,3.4736408500758296e-06,8.111490391774393e-05,2.0505023964511496e-06,0.00012036701651901704,4.4463041446086625e-11,3.1721008919899125e-10,4.5041175621054925e-19,7.336614391635703e-10,6.1252678606594955e-12,7.612758661186593e-16,3.5310236158115555e-19,5.724518772541271e-13,4.067929036927433e-09,5.616319272018261e-11,7.7262700325456e-12,1.9924541453987398e-09,3.864369261725201e-05,4.156681546879095e-19,3.6185465539400683e-09,2.5557837456640145e-06,2.4151263252764907e-09,7.770369903769071e-07,1.5440155789054716e-06,3.8585942904966987e-10,0.000308661730021023,1.5492020396021716e-09,6.237938193411266e-08,7.695455569970123e-12,2.193459366894519e-08,7.8378863127695e-06,6.30107201272339e-08,2.1502823175206532e-05,1.2115371759698972e-26,0.00026735616084031584,2.908344337847606e-12,5.567819235368991e-07,3.2227576018966514e-06,1.6232812013277524e-05,2.142068754253588e-14,3.789430709962186e-13,0.0002113060534814861,1.5995260876894582e-05,4.829406809598021e-15,3.256872708130974e-08,2.0952480613738524e-17,1.44769398690264e-06,1.876745171619846e-05,1.812280034566291e-07,1.632144326288048e-05,4.7611376918204274e-07,8.292195987474479e-06,5.071102413265731e-07,3.004380339056683e-09,2.07769373412785e-06,1.2298838125866213e-07,6.30428141720985e-10,1.2584395737913124e-12,1.344149428167929e-10,2.9375568770937637e-08,2.32176548584406e-06,5.9983377437366006e-15,9.087002243928453e-09,1.9933667052379545e-15,1.2104658304780288e-11,7.510053538817809e-08,8.72467824552603e-10,1.6416586381889414e-08,2.4456296695916733e-11,1.07031307689521e-18
0.0279609375,0.6326899156544861,682.0101477534764,0.5015926534648527,0.6906969791708863,0.0,0.03933175782907145,2.67067798840377e-07,0.0406686038326343,0.17929014182328665,0.02466023537465657,5.441820677955169e-24,7.553220246027083e-18,1.6186404079626619e-09,7.780944255198228e-09,0.001151015792035395,3.803642132405814e-83,2.3408331984924824e-24,3.405306323095982e-05,1.6984237821161244e-05,0.00916535417706991,0.007843410383006824,1.4486705611593247e-08,1.9635416735289515e-12,3.2046011254048186e-06,5.868117853847543e-05,1.541621595815298e-10,5.621940735481965e-16,0.00037609833449131686,1.053896721154246e-16,1.1019404119929133e-12,3.0245027574715653e-05,4.2640204625277265e-07,6.728142579064662e-05,9.267096864537646e-11,0.00047330175587247336,0.00011393276141967792,2.1430029692593857e-08,3.2319542531404534e-10,3.990831833798174e-10,2.45752644376671e-09,1.1977230345841515e-06,2.4558291471448484e-11,0.0012079855108334536,2.234019091107121e-05,0.00038609713293136607,0.00022404688479220875,2.999256458656636e-09,6.188141119419835e-08,0.0008466851853380883,5.4148353345022706e-05,1.3000289755008354e-10,4.835217676574135e-05,0.00011798666692895768,0.0014687484865021532,0.00019888324481416738,6.377958261494641e-07,2.5428411364871667e-10,5.311293174746356e-18,3.5789323195581123e-10,2.509981067224226e-23,3.2890306848185843e-18,5.594044627881472e-19,0.00013207803239766183,4.024306236466694e-11,1.7081476954538636e-08,1.5318673116010168e-10,1.0726936873606037e-08,5.476219530087995e-18,3.215370971239339e-05,7.388514495744493e-08,3.981538748105646e-16,5.244162909403068e-10,2.5622255388166054e-13,2.091407877574284e-15,1.6969263885605854e-10,6.500825138048324e-13,1.5946619667738443e-15,5.2930130707151645e-06,7.964951167161036e-07,3.847442123036313e-06,9.019217485118829e-05,2.501383430821169e-06,0.00012447583066591344,5.057657182957864e-11,3.2390629199085534e-10,1.4698781704049756e-18,1.0266396579809775e-09,8.464550058273784e-12,9.667730139237225e-16,6.296231445888635e-19,4.556501757852443e-13,4.701251093250624e-09,6.808015564770499e-11,9.95679243649439e-12,4.106504969897649e-09,4.391817944797433e-05,7.82061788060347e-19,4.422106178460007e-09,4.053194296653647e-06,3.4157640188189262e-09,1.5760691902126274e-06,1.7389381565511244e-06,4.859133221909678e-10,0.0003485701306034483,1.4099449883936104e-09,7.147962535377283e-08,8.907501403219563e-12,2.430870788229341e-08,8.897181644582347e-06,4.4974525119867214e-08,2.4519774407024675e-05,6.853940259472208e-26,0.00028586523245896256,3.1849866425822734e-12,6.207644290878783e-07,3.6448034146049307e-06,1.9210214132311167e-05,3.6880656077543486e-14,5.582736604696603e-13,0.0002348728198224553,1.579172183358482e-05,8.886720978669095e-15,3.637495020893782e-08,5.825596676282417e-17,1.7476378192758165e-06,2.013183454544402e-05,3.8644995402560736e-07,1.8110267721090744e-05,5.361846916168991e-07,8.93406864245668e-06,7.11257650563705e-07,5.021276897978499e-09,2.3849290450734323e-06,1.3918524556671766e-07,4.943559245686228e-10,1.1716716000659876e-12,1.0270933408004516e-10,4.8030003127081437e-08,2.664668247255453e-06,9.499514689133299e-15,1.0444903163457554e-08,2.0913130625751204e-15,1.3683810516286825e-11,5.681153138242482e-08,8.664558323498552e-10,1.6857576160332694e-08,2.1664360805970153e-11,2.5470393317137317e-18
0.02796875,0.6500186714988896,700.3891336683748,0.4882207658463079,0.6905533603333541,0.0,0.03897912657961676,3.1004628751606756e-07,0.04008481781170113,0.1775492705869292,0.0257854060354568,2.0007328415926927e-23,1.862295094920696e-17,2.4178550907192542e-09,1.1566328606486608e-08,0.0011683141759384508,3.788703334912844e-83,2.3409678541086663e-24,3.671686930997106e-05,1.8071874093265413e-05,0.009668951867334996,0.00839641831864826,1.939674014773256e-08,3.2050036308810973e-12,4.534215107302976e-06,6.294139493931872e-05,2.548425611560747e-10,1.0940860577147959e-15,0.0004007872907587434,2.3872005652506554e-16,1.784203146825556e-12,3.228520707698791e-05,4.83217978888667e-07,7.250413359464398e-05,1.395048923533161e-10,0.0005049603211962282,0.00012231176990230638,3.677148431338463e-08,4.414882454059764e-10,4.286674412973449e-10,4.038768760055648e-09,1.3016579021761193e-06,3.04686282784981e-11,0.0012678233243819037,2.4107571833437357e-05,0.00041813653685713085,0.0002502846031795154,7.369867299312647e-09,5.646028056715039e-08,0.0009296252242337819,5.8931855074706714e-05,2.4208709236772944e-10,6.422026848519637e-05,0.00014232379759777225,0.0016133649524778472,0.0002019368898491678,7.113880524869302e-07,4.7860020557383e-10,1.3007832638260603e-17,3.975144984933654e-10,4.4715268128310774e-23,5.59898770295825e-18,9.711584332340458e-19,0.00015168429263716056,4.564021925806833e-11,1.6715694445207516e-08,1.8061617286998354e-10,1.6435413331246985e-08,9.313952321385774e-18,3.631977166854217e-05,7.860082359217891e-08,7.720661622270768e-16,6.444589345043522e-10,3.706999113759798e-13,3.4081966238573845e-15,2.0472057145770004e-10,9.964059840821573e-13,2.3487218184700154e-15,5.608594945862877e-06,5.495967282582259e-07,4.254075494474967e-06,0.0001000555249597473,3.0277725519405667e-06,0.00012736262052620543,5.752126697994322e-11,3.371458999517465e-10,4.6521389844427095e-18,1.431284867683279e-09,1.1619213960392795e-11,1.2334436094572252e-15,1.1153359067941359e-18,3.6687033211206187e-13,5.418573542190195e-09,8.076630339164765e-11,1.2938751522149747e-11,7.940078942858584e-09,4.98140423745351e-05,1.473967058019511e-18,5.2961166329006215e-09,6.0606653899816536e-06,4.526977704048012e-09,2.9847577284774417e-06,1.9491213462182802e-06,5.975206015172574e-10,0.0003927588732959612,1.2876209879157723e-09,8.172010708717918e-08,1.0314455458996495e-11,2.571839967852056e-08,1.0045447438947185e-05,3.230234283237178e-08,2.789933373163161e-05,3.7315589290016205e-25,0.00030112764210922743,3.4714480018628533e-12,6.9041047169541e-07,4.1136879071985805e-06,2.267034205642564e-05,6.35257840361404e-14,8.187841519389483e-13,0.00026056510920707403,1.4864410647243718e-05,1.613317776124605e-14,4.054922740275142e-08,1.4950269292854245e-16,2.103102665831191e-06,2.064640149816361e-05,7.641510450093799e-07,2.0059847765337882e-05,6.02645240087608e-07,9.601230444672708e-06,9.262659810644389e-07,8.337583796375097e-09,2.730988075941664e-06,1.571918323157344e-07,3.842032604280455e-10,1.0760479103492856e-12,7.782978698111259e-11,7.026452304999631e-08,3.0503153848733894e-06,1.50134822398021e-14,1.20401637475046e-08,2.1582706733071315e-15,1.54486113040596e-11,4.336821444424827e-08,8.670685902339067e-10,1.570079472108723e-08,1.9253093322062235e-11,5.940654152008876e-18
0.0279765625,0.6678449459322592,719.279025288327,0.47518906229137964,0.6904136604488509,0.0,0.03858494799556878,3.6179234278187503e-07,0.03948329208188854,0.1757459385955323,0.026938763705954966,7.170802457394063e-23,4.508994879915282e-17,3.583905282038335e-09,1.7036979461476605e-08,0.0011855986879383393,3.774660136502618e-83,2.3411447651377823e-24,3.9529335972748564e-05,1.9196368397450926e-05,0.010191605765164286,0.008978594419336159,2.587265501768604e-08,5.1731490975655036e-12,6.303014960891286e-06,6.749083316013816e-05,4.1976440377260215e-10,2.1642642438909517e-15,0.00042665770078248927,5.376861686952157e-16,2.8531076437904925e-12,3.442352868174334e-05,5.382378214057156e-07,7.800759386527141e-05,2.1045783630304373e-10,0.0005381533185372113,0.00013115179966435525,6.22397600753974e-08,6.061334787207722e-10,4.6232770615090613e-10,6.531328518524197e-09,1.4144814505537817e-06,3.7676039027154304e-11,0.0013295128794389055,2.598225303722897e-05,0.0004522378934638502,0.00028022270200704294,1.8052000344894652e-08,5.1890944984517055e-08,0.0010187335114240142,6.40481447630409e-05,4.700586094985241e-10,8.448405634524581e-05,0.00017123120563535349,0.0017690772888851074,0.00020165901477533555,7.920134011035266e-07,8.88698852115188e-10,3.118067899676911e-17,4.4519077177964875e-10,8.49859099498512e-23,9.375002795349528e-18,1.6570586969029162e-18,0.00017371517558642147,5.1673360450779877e-11,1.6382730734728417e-08,2.1229622454994027e-10,2.4892260404721827e-08,1.570472515347693e-17,4.0829066778741464e-05,8.16103764024834e-08,1.465780723842797e-15,7.887313861740224e-10,5.377096714120627e-13,5.485362134851168e-15,2.2025633293449442e-10,1.5115885252100162e-12,3.406541373455543e-15,5.888392652056366e-06,3.834757230627648e-07,4.695572017971479e-06,0.00011072237527329618,3.6346886820900035e-06,0.00012868071222134743,6.536877519375937e-11,3.581927520385913e-10,1.4263182202602317e-17,1.9863851041424526e-09,1.582117924438377e-11,1.5829678228764872e-15,1.972367727699648e-18,3.0097751635712525e-13,6.227683472941989e-09,9.440487103907136e-11,1.6907799213360058e-11,1.4384758140868044e-08,5.6382055911942675e-05,2.7793415174282193e-18,6.254193793675289e-09,8.5633637146294e-06,5.5994928935282946e-09,5.2039501761496396e-06,2.1715745639268944e-06,7.146999896834362e-10,0.00044152962928698485,1.179771878864139e-09,9.321519853900131e-08,1.1940828950317122e-11,2.5908359303467488e-08,1.1278526846549022e-05,2.3337399651294695e-08,3.167624095350651e-05,1.9517747345724288e-24,0.0003116265285065051,3.762207290044442e-12,7.658291928802724e-07,4.6334483259420855e-06,2.6678690239175384e-05,1.0886805282503794e-13,1.1943818509867831e-12,0.00028849325432908743,1.32637223853894e-05,2.88879454563696e-14,4.511651752292111e-08,3.5250763328328377e-16,2.5227265638476482e-06,1.9917999557294206e-05,1.3957025709183076e-06,2.2180254712514245e-05,6.760195173907464e-07,1.0293606836826555e-05,1.1037734817176008e-06,1.3543917900793707e-08,3.1192167228275538e-06,1.771662436068328e-07,2.978034561587482e-10,9.80868071468045e-13,5.885926752788192e-11,9.124927538393841e-08,3.4826202511849283e-06,2.359376389351766e-14,1.392376993031925e-08,2.204612529114546e-15,1.742828711644383e-11,3.3388459549455984e-08,8.744023320110655e-10,1.3190250421633517e-08,1.7164952864479884e-11,1.3575512423892348e-17
0.027984375,0.6861678343356787,738.6758003607887,0.4624999857663634,0.690279556290699,0.0,0.03814559724087872,4.239196865915729e-07,0.038864004830882995,0.17388001592735194,0.028120102244944597,2.491397050445641e-22,1.0684757390894377e-16,5.258937213417494e-09,2.484284401317039e-08,0.0012028688320860185,3.761388129946832e-83,2.3413692999117513e-24,4.249258982396456e-05,2.0355295932186197e-05,0.01073354547712503,0.009590789119727357,3.434787751958541e-08,8.246362216007183e-12,8.604803544538621e-06,7.235197522783455e-05,6.873595910566812e-10,4.362446824888843e-15,0.00045373809977743796,1.1977343434547574e-15,4.499507959570206e-12,3.666206767445573e-05,5.885641610849924e-07,8.380491830438029e-05,3.1717805967034534e-10,0.0005729139777322763,0.00014045727149760567,1.0350100960197593e-07,8.338073874778924e-10,4.999004136893597e-10,1.037545964297188e-08,1.537204202758993e-06,4.6477827760079156e-11,0.001393060683338469,2.7968231696803827e-05,0.0004884839923072398,0.00031432069288953485,4.3641573203258216e-08,4.808671973736294e-08,0.00111425366963986,6.951186614603604e-05,9.407687507713691e-10,0.00010996995400670668,0.00020529500417226424,0.0019363955975887255,0.00019747587548069176,8.801746590576502e-07,1.6232493684383294e-09,7.306497681347235e-17,5.024246528674665e-10,1.7878471756436295e-22,1.543420337639121e-17,2.777676274239639e-18,0.00019844522478674342,5.834680701505038e-11,1.606593627028444e-08,2.4853909999842347e-10,3.726245480209714e-08,2.62370468457899e-17,4.566739459086286e-05,8.245129537633068e-08,2.7397838798389097e-15,9.611157575919342e-10,7.775470898370007e-13,8.713084933196982e-15,2.1204256799594615e-10,2.266946667616136e-12,4.859967598683535e-15,6.110686824748636e-06,2.706390356429419e-07,5.174012554924371e-06,0.0001221975353445239,4.3215771550420845e-06,0.00012809566128196877,7.417076929354392e-11,3.885576062092301e-10,4.2308176382233443e-17,2.741504168593623e-09,2.1329830882762556e-11,2.0446485485868666e-15,3.462062667208317e-18,2.5020916044368834e-13,7.135815026644149e-09,1.0925710919156307e-10,2.2149200135626116e-11,2.4706336344473355e-08,6.366330232028899e-05,5.235645098644695e-18,7.312267543584261e-09,1.147910505998712e-05,6.45435697019201e-09,8.27768111632765e-06,2.4008497176992102e-06,8.289630853825496e-10,0.0004951730125005776,1.0841250716867497e-09,1.0608750866468329e-07,1.3809322717585241e-11,2.510844783664995e-08,1.2588922037374496e-05,1.693846295812267e-08,3.5887651721870295e-05,9.79753488327259e-24,0.0003157176644106981,4.049492311891042e-12,8.469337047075521e-07,5.208332569913958e-06,3.130711139379608e-05,1.842701059149367e-13,1.7304490003778792e-12,0.00031875689183864797,1.1182023521442038e-05,5.1009328000139713e-14,5.010165384011024e-08,7.620950034974153e-16,3.0160065864028467e-06,1.7831340128290752e-05,2.351730043380318e-06,2.4481580412347804e-05,7.568606679818589e-07,1.1011552497468832e-05,1.1941393889255072e-06,2.124359713818974e-08,3.5523749584527625e-06,1.9927624389796136e-07,2.3118281858845074e-10,8.911408124359584e-13,4.4611512334865804e-11,1.0508439640587537e-07,3.964991181614481e-06,3.6756350218739763e-14,1.615817150405062e-08,2.2381638151238856e-15,1.9666763203013497e-11,2.5910869187481436e-08,8.879273440632002e-10,1.002840056837859e-08,1.534972832246792e-11,3.0388379880119466e-17
0.0279921875,0.70498661845836,758.575526447287,0.4501540955593782,0.6901526753246228,0.0,0.037657306082673356,4.982547843090066e-07,0.0382269277063952,0.17195129463475736,0.02932921741750836,8.361672664228001e-22,2.4723658100455724e-16,7.628821349105649e-09,3.583082667185297e-08,0.0012201244920782687,3.748784467626575e-83,2.341646543754375e-24,4.561341552906404e-05,2.1545595066085384e-05,0.01129498747264988,0.010233854946617828,4.5335663104452574e-08,1.2967703116266166e-11,1.1533892057988775e-05,7.754821563289997e-05,1.116997333557699e-09,8.968535165315692e-15,0.0004820571415134324,2.6284578641699204e-15,6.989166672564775e-12,3.900284198488477e-05,6.31351661220733e-07,8.992149305701359e-05,4.762689109223816e-10,0.0006092730247441705,0.00015022274236138941,1.6848707513573068e-07,1.1459485139296308e-09,5.410593859281432e-10,1.6171085264839486e-08,1.670995584468405e-06,5.718209538806435e-11,0.0014584727070632573,3.0069566791627117e-05,0.0005269583218690339,0.0003529738876038395,1.0317111217469463e-07,4.4915148386264596e-08,0.0012164388458711037,7.533763623559286e-05,1.911804009179281e-09,0.00014144701072693158,0.000245036211758691,0.0021158221541168975,0.00018898194408522987,9.763974090457037e-07,2.9103777708181708e-09,1.6716208344575534e-16,5.709748203817334e-10,4.282642593047017e-22,2.4974980187826998e-17,4.572612529651643e-18,0.0002261461529765744,6.562882049371054e-11,1.574692838977544e-08,2.8951277209966367e-10,5.512837501186949e-08,4.3406824050044445e-17,5.080922651310902e-05,8.095679132504302e-08,5.09677703685861e-15,1.1657752985797907e-09,1.114939070985056e-12,1.3651263806632083e-14,1.8552992176711236e-10,3.3573885057123385e-12,6.811492074279082e-15,6.250297552877504e-06,1.932065322531444e-07,5.691518217005728e-06,0.00013447233602636012,5.0799604365935724e-06,0.0001253272935101926,8.394655028839758e-11,4.299835160064256e-10,1.2124395562898518e-16,3.758037076545071e-09,2.8406640644252645e-11,2.658009913715032e-15,5.999583434897632e-18,2.095918059794974e-13,8.148735495780349e-09,1.2565873725677537e-10,2.8999756424499744e-11,4.111278722552786e-08,7.167381414540039e-05,9.83632345474244e-18,8.487163426531925e-09,1.4687154497650877e-05,6.95528983222952e-09,1.2003520002037286e-05,2.62839512865451e-06,9.312076650182448e-10,0.0005539621274000704,9.984885477285179e-10,1.2046809348237567e-07,1.5938256361978595e-11,2.391319036400242e-08,1.3965241353394618e-05,1.2328231887467081e-08,4.0573226939838204e-05,4.717542428008159e-23,0.00031180619188296246,4.323024350828188e-12,9.332909924197665e-07,5.8427656199300245e-06,3.663348043245751e-05,3.0536291790104556e-13,2.4850765968490257e-12,0.0003514422858728363,8.90746419537711e-06,8.880952998178403e-14,5.552855699371724e-08,1.5145712922113142e-15,3.593155482225587e-06,1.4726969606291787e-05,3.668224740431133e-06,2.697375009728814e-05,8.457515006444724e-07,1.1756001580495824e-05,1.1750314403239159e-06,3.191275084921267e-08,4.0320017300543836e-06,2.236995691326183e-07,1.8021554771694783e-10,8.09097302391872e-13,3.39788877906738e-11,1.0815501185137132e-07,4.500245262806349e-06,5.6645872632427505e-14,1.8819035333646482e-08,2.264348597636167e-15,2.223402814693889e-11,2.0258531274412555e-08,9.062689804540794e-10,7.007807132686805e-09,1.3764737094397117e-11,6.662642950382057e-17
0.028,0.724300776333349,778.9744504540598,0.43815031542577104,0.6900345485114332,0.0,0.03711619430522718,5.868852844076333e-07,0.037572022327735204,0.16995947934508354,0.03056590517675452,2.7074432617700922e-21,5.580472467294623e-16,1.0936066496354161e-08,5.1089827820919455e-08,0.0012373657850136396,3.736711963973482e-83,2.3419810922611382e-24,4.890261464395528e-05,2.2763398024792452e-05,0.01187613316523905,0.01090864608502618,5.942449291259084e-08,2.010111884853534e-11,1.5178613024507167e-05,8.31033567671366e-05,1.7993419953481456e-09,1.878486891304184e-14,0.0005116436589142341,5.670517725899277e-15,1.0682527224488813e-11,4.14478187832991e-05,6.641984787570119e-07,9.639464378048515e-05,7.111869231412207e-10,0.0006472575929435826,0.00016042739824534332,2.6767026386119784e-07,1.569447170295038e-09,5.853202384119075e-10,2.4709919554441633e-08,1.8171971128505639e-06,7.007223319010641e-11,0.0015257542181118745,3.229038295009578e-05,0.0005677445691762503,0.0003964325336952858,2.3643067060991854e-07,4.222746031045661e-08,0.0013255488782658266,8.153997169341373e-05,3.883495405548415e-09,0.0001794827011990999,0.0002908448065775316,0.002307842814113627,0.00017607250338059433,1.081230419356881e-06,5.1153583882012495e-09,3.7294436869199023e-16,6.529175628806343e-10,1.1609006829764894e-21,3.971117040785198e-17,7.390180993180989e-18,0.00025707461640673754,7.344137579519897e-11,1.540654551275052e-08,3.351749506256012e-10,8.06072436858386e-08,7.108091647285768e-17,5.6216074542401465e-05,7.737309700795954e-08,9.583084068149344e-15,1.4070239596605162e-09,1.580124111031395e-12,2.1090732178890656e-14,1.5192680052707346e-10,4.906812694462584e-12,9.365484741509716e-15,6.2810449422323245e-06,1.394960977634513e-07,6.250237905008351e-06,0.00014752474976620562,5.89085269569389e-06,0.00012020070622485099,9.467101902839222e-11,4.844259448818302e-10,3.3513872348987996e-16,5.108527085677005e-09,3.7268811266765725e-11,3.4759284341407928e-15,1.0230705626560359e-17,1.7628097818502466e-13,9.269286006232626e-09,1.4403218452684187e-10,3.784618271635581e-11,6.765285646571074e-08,8.037652275928576e-05,1.839383458554961e-17,9.795960201517427e-09,1.8078087964986537e-05,7.064207926359731e-09,1.600566624477579e-05,2.8423432898343627e-06,1.0146941536195436e-09,0.0006181466101529774,9.206368345341061e-10,1.364965723334788e-07,1.833874420455334e-11,2.2859814909994476e-08,1.539176337676176e-05,8.977413661703481e-09,4.577520515592259e-05,2.178405560184538e-22,0.0002986357271325942,4.570068854140126e-12,1.0238855931057364e-06,6.541279512624398e-06,4.274055454906547e-05,4.907382198205024e-13,3.527851652256961e-12,0.00038662052570300175,6.735684621327034e-06,1.5244066089863408e-13,6.141904067166788e-08,2.787567724869664e-15,4.264796580214351e-06,1.1280638480996169e-05,5.340623174756798e-06,2.9666320334742358e-05,9.433050438118295e-07,1.2528612703482908e-05,1.064136597839564e-06,4.5834144936543165e-08,4.557745393565599e-06,2.506242396940256e-07,1.413012661253051e-10,7.353572218134077e-13,2.6050468913950342e-11,1.0115078442903006e-07,5.090504542996758e-06,8.625813359578016e-14,2.199670790593512e-08,2.286721486183434e-15,2.5244859607484258e-11,1.595001888747044e-08,9.274242888224203e-10,4.634148735463381e-09,1.2374249475036806e-11,1.430796351810807e-16
0.0280078125,0.7441099416747188,799.8689914791659,0.4264861895264336,0.6899266105786124,0.0,0.03651831315677706,6.922527321738529e-07,0.036899240028448986,0.1679042212712743,0.03182996115579945,8.463753197367523e-21,1.2288890201589834e-15,1.549868291387759e-08,7.200814723623752e-08,0.0012545929909195536,3.725086383909561e-83,2.3423770055625676e-24,5.237244934908056e-05,2.4003800854035405e-05,0.012477167494582865,0.01161601845907784,7.726781126387984e-08,3.0705535206790504e-11,1.9614944643890487e-05,8.904108554157124e-05,2.8714611562530233e-09,3.996077809341295e-14,0.0005425267622084195,1.2020147323862805e-14,1.6058104068198284e-11,4.399893795054153e-05,6.855093744264915e-07,0.00010326972105004892,1.0549392755801982e-09,0.0006868899308863398,0.00017102831939035562,4.1400861749875994e-07,2.137231489135327e-09,6.320734914825236e-10,3.700258367411327e-08,1.9773285523770033e-06,8.5350495721798e-11,0.0015949096433526375,3.4634874409374776e-05,0.0006109255595284975,0.0004447055907122792,5.210525049781463e-07,3.987298486419178e-08,0.00144184115831145,8.813321625998761e-05,7.775485827339669e-09,0.0002242508398638605,0.00034291646684431177,0.002512915220585138,0.00015907722552628334,1.1952460929649665e-06,8.808344936649598e-09,8.104881053905821e-16,7.507432158983321e-10,3.422801794803237e-21,6.202978039693252e-17,1.1723084364493006e-17,0.00029145472975689024,8.165463065844446e-11,1.5026573515350412e-08,3.852218367233556e-10,1.1648990703975407e-07,1.1516214072925252e-16,6.1835148218665e-05,7.231305575691594e-08,1.8497438428431466e-14,1.6891135581995904e-09,2.2090070382121553e-12,3.21347715356332e-14,1.2122305082268076e-10,7.075086369179952e-12,1.2613827589140671e-14,6.179951576561237e-06,1.0182702815023541e-07,6.8523323990554094e-06,0.0001613197928429307,6.722380934150732e-06,0.00011269933604034094,1.0626734633397568e-10,5.540445804149117e-10,8.919659876552704e-16,6.872208300319022e-09,4.802249121634639e-11,4.568229169727802e-15,1.713308555497171e-17,1.485416187607708e-13,1.0495176303036347e-08,1.649034164700653e-10,4.9115149268338275e-11,1.1110038451664988e-07,8.963559440841037e-05,3.416021366591876e-17,1.1255579708910163e-08,2.160013316067533e-05,6.839912532713729e-09,1.9935550099884032e-05,3.028195760428868e-06,1.0775032265021795e-09,0.0006879462004685539,8.482118445532177e-10,1.5432110530319519e-07,2.101244074492657e-11,2.2154728968781163e-08,1.684821535979733e-05,6.523629493787898e-09,5.153842753429638e-05,9.64744986073655e-22,0.000275682743135895,4.7760030845440414e-12,1.1167868527996673e-06,7.308385821067272e-06,4.971320124165305e-05,7.574542803444312e-13,4.934148970022652e-12,0.0004243461526495337,4.8825957121079655e-06,2.5794680631843107e-13,6.779105757205755e-08,4.8025154859599165e-15,5.041348689869378e-06,8.139304688600918e-06,7.341406797653852e-06,3.256829011695682e-05,1.0501650139742016e-06,1.3331885789532423e-05,9.036050389588702e-07,6.319568680576426e-08,5.12685407295087e-06,2.802488768370494e-07,1.1153686698537257e-10,6.696788108925135e-13,2.012199034484897e-11,8.789307395538648e-08,5.737101044357395e-06,1.2974507722996843e-13,2.5797004204152318e-08,2.30747059002979e-15,2.888781164077592e-11,1.2639739064145253e-08,9.491556798348534e-10,3.0185744876176133e-09,1.1148639966131799e-11,3.009852862042277e-16
0.028015625000000002,0.7644138156606669,821.255715816588,0.4151581343925689,0.6898301764912816,0.0,0.03585969801981551,8.173202774558709e-07,0.03620852096805918,0.1657851389866216,0.03312117848700217,2.5606159087019207e-20,2.643446696191455e-15,2.1737648487197538e-08,1.0034695573841104e-07,0.0012718064330828008,3.713833111635156e-83,2.342837682464708e-24,5.603356113922579e-05,2.526056973620995e-05,0.01309825698133374,0.012356829328276815,9.957380613903454e-08,4.623880312997777e-11,2.4902210964186346e-05,9.538447431744874e-05,4.538686005818837e-09,8.594238322080003e-14,0.0005747359270991287,2.5057468666613318e-14,2.374363336005646e-11,4.665815352385633e-05,6.947404141004764e-07,0.00011059489146872466,1.5540078700582787e-09,0.0007281859538819126,0.00018195314145383215,6.224541328359038e-07,2.8888631217823543e-09,6.806616030904982e-10,5.429416781729267e-08,2.153083213799245e-06,1.0304706623041361e-10,0.0016659423059048827,3.7107302973588704e-05,0.0006565809685645955,0.0004974737717969044,1.0967821149286422e-06,3.770239753626081e-08,0.001565560515028761,9.513145111523475e-05,1.517475476413324e-08,0.000275327999424703,0.0004012181245339884,0.0027314531638599772,0.00013884817314104882,1.3190408870298289e-06,1.485885091770825e-08,1.714215715194974e-15,8.675211660074338e-10,1.0482006783116912e-20,9.516331400581998e-17,1.824844941951728e-17,0.00032945793294169787,9.009098255445053e-11,1.4592201496890342e-08,4.390796375723958e-10,1.6640110691495826e-07,1.8452097422657167e-16,6.759852990522307e-05,6.65329584185692e-08,3.69720340880491e-14,2.0159126190010735e-09,3.0429374009802055e-12,4.8307635515373824e-14,9.838352641165846e-11,1.0068374411665752e-11,1.6616700755463675e-14,5.932820376858061e-06,7.511235562706289e-08,7.4999536888638795e-06,0.0001758092862171893,7.528340787964385e-06,0.00010300874412505643,1.1861038670814425e-10,6.412122965822028e-10,2.281644158480521e-15,9.123652880657195e-09,6.05887251993342e-11,6.0260394866006135e-15,2.814750296326693e-17,1.252333733083272e-13,1.181586356331378e-08,1.8891182708912294e-10,6.32470792346031e-11,1.8155280725085757e-07,9.915258321904045e-05,6.285450537860263e-17,1.2882110009237281e-08,2.5278807385240574e-05,6.3905947388473205e-09,2.361816484588441e-05,3.1707658983441884e-06,1.122569063238705e-09,0.0007635419990871992,7.786898313024178e-10,1.7409815175212446e-07,2.3946486693007302e-11,2.1711185428068565e-08,1.8309878865016787e-05,4.716655232279298e-09,5.7910237312769824e-05,4.0980439048378426e-21,0.0002435856359185518,4.925600356189744e-12,1.2087545543498262e-06,8.148366202241913e-06,5.7632614958707986e-05,1.1126306693242528e-12,6.773300714714305e-12,0.0004646552920328909,3.4416419423380815e-06,4.302260101954016e-13,7.465622100860745e-08,7.836159209058315e-15,5.931877230811718e-06,5.645680214436337e-06,9.64492521394671e-06,3.568792806491688e-05,1.1670060517436035e-06,1.4169222684537832e-05,7.339247992041547e-07,8.432569530547011e-08,5.733903916564225e-06,3.127829804245564e-07,8.867305630961291e-11,6.11392114973867e-13,1.5665960834136242e-11,7.257714804305742e-08,6.440516153472626e-06,1.9283876161532355e-13,3.034079710444067e-08,2.327753977436394e-15,3.346686288965671e-11,1.007738819569971e-08,9.699117540162005e-10,2.0211965239284633e-09,1.0063493091296605e-11,6.203336831886718e-16
0.0280234375,0.785211996750884,843.1312673936463,0.40416169763930754,0.689746379895154,0.0,0.03513643029876628,9.65852656727789e-07,0.03549979221629118,0.16360180520695214,0.03443934306969688,7.524169639336028e-20,5.56587622554684e-15,3.0216030525641986e-08,1.383319737456103e-07,0.0012890062912990006,3.702895500228924e-83,2.343365629765513e-24,5.9892470348007783e-05,2.6525793205929048e-05,0.013739546898417117,0.0131319359182651,1.271068545733984e-07,6.871422534736489e-11,3.1083292995410974e-05,0.00010215553149909051,7.1058711729738715e-09,1.8589186762771278e-13,0.0006083010510548776,5.146481731235863e-14,3.456451968458403e-11,4.942749293324616e-05,6.924611543046157e-07,0.000118416455664399,2.2741497974108593e-09,0.0007711538000616344,0.00019309317412308737,9.090646035190832e-07,3.8715070728608906e-09,7.305100682581931e-10,7.805950784987131e-08,2.346308933649648e-06,1.228898457180231e-10,0.0017388539697934607,3.971198308380864e-05,0.0007047827314574703,0.0005540547188707366,2.1929935836265593e-06,3.5568228414601006e-08,0.0016969325410980667,0.00010254837116274355,2.863904342799788e-08,0.0003315577467721355,0.0004655159636909443,0.0029638062907275976,0.00011674203358121027,1.4532356316269713e-06,2.4566560283856195e-08,3.526909135987435e-15,1.007181435518886e-09,3.2230877720671076e-20,1.433590665109425e-16,2.786858092028993e-17,0.00037118310397579274,9.854288319412664e-11,1.409482626512097e-08,4.959686906639913e-10,2.3497992904280874e-07,2.9226778139891176e-16,7.342317355303401e-05,6.066691965541257e-08,7.63325279736914e-14,2.390448809535498e-09,4.128371330336011e-12,7.169731008554047e-14,8.399085541195942e-11,1.4155941180505363e-11,2.1382184966456906e-14,5.539927112122482e-06,5.5955689104276325e-08,8.195218263490122e-06,0.00019093036071338453,8.248704222904262e-06,9.153663293800669e-05,1.31546774479023e-10,7.485285791681907e-10,5.600626443952591e-15,1.1910958305958605e-08,7.465328426901387e-11,7.967368944133679e-15,4.534502562736288e-17,1.055603548932528e-13,1.3208487737668146e-08,2.168000122261912e-10,8.064351955031243e-11,2.923912414419632e-07,0.00010839546832708366,1.143089406251485e-16,1.4689270193671736e-08,2.9205172425228032e-05,5.8237837406039606e-09,2.70471927000478e-05,3.257332944202127e-06,1.1551394194938803e-09,0.0008450634702991475,7.09487357769632e-10,1.9599190465410957e-07,2.7134604296277054e-11,2.1304249288800764e-08,1.9748136572690373e-05,3.381910152098019e-09,6.494009204499516e-05,1.6711035721371642e-20,0.0002044490725661837,5.0051233641177976e-12,1.294899036753016e-06,9.064961698741135e-06,6.65656379094533e-05,1.5430839634888476e-12,9.091520021593844e-12,0.0005075624088257322,2.3978774534552842e-06,7.071863245781568e-13,8.201649068056445e-08,1.2243049405370258e-14,6.9421448230065675e-06,3.8359474096948875e-06,1.2241795104555314e-05,3.903258698190248e-05,1.2945335589093672e-06,1.5044905828121808e-05,5.798562610439651e-07,1.0994851064554899e-07,6.370696632305317e-06,3.48447089672791e-07,7.10014264641399e-11,5.596228091600888e-13,1.2293372034848517e-11,5.802503690467554e-08,7.200376454291535e-06,2.834426171403022e-13,3.576178164760866e-08,2.3478370156452295e-15,3.9456132227423547e-11,8.080109514887046e-09,9.890939457987542e-10,1.438204816546852e-09,9.098766515801019e-12,1.2529125215364857e-15
0.02803125,0.8065036968530862,865.4920972976109,0.39349182756616335,0.6896761578555539,0.0,0.034344713486369395,1.142843530985758e-06,0.03477296942023998,0.16135373971684175,0.035784230571860476,2.1565352924410777e-19,1.1500736793447328e-14,4.1693154316926666e-08,1.8876657727076812e-07,0.0013061925280303708,3.6922594351454516e-83,2.3439624575889467e-24,6.394986091357047e-05,2.7789504497543223e-05,0.014401159157899485,0.013942194490902345,1.607159840307539e-07,1.0094878518082393e-10,3.8191595802051e-05,0.0001093748145213295,1.102141373775437e-08,4.0232262888443223e-13,0.000643252543886011,1.0439834531559744e-13,4.962714178206015e-11,5.230913471222171e-05,6.802215365520618e-07,0.0001267749815581362,3.3090299018244793e-09,0.0008157926945818756,0.0002042982890034269,1.28995524867984e-06,5.141951560063358e-09,7.813068121207922e-10,1.0996746841345138e-07,2.558972870944759e-06,1.4415818854737497e-10,0.0018136443777403816,4.2453250531822544e-05,0.0007555866894350151,0.0006134704313907304,4.148324779791787e-06,3.333129889254224e-08,0.0018361614159399832,0.00011039712906043667,5.200949353349483e-08,0.00039109294362828895,0.0005354923634820864,0.0032102344621450247,9.44489810758052e-05,1.5984758619281567e-06,3.984374049582506e-08,7.059520765091051e-15,1.1749627714289719e-09,9.75565229023437e-20,2.1201416662387647e-16,4.174572943990868e-17,0.00041663920387433425,1.0680461665870229e-10,1.353440316360913e-08,5.550549416713764e-10,3.280765474541601e-07,4.574412303969011e-16,7.92120881391383e-05,5.509407724907792e-08,1.6098192506896382e-13,2.8142878880700583e-09,5.516685694476368e-12,1.051406661859698e-13,7.653098297255203e-11,1.9698230581002964e-11,2.6852101806683246e-14,5.01974786640619e-06,4.2069610654158754e-08,8.940173959283435e-06,0.00020660269639750296,8.813275162313702e-06,7.88951654098855e-05,1.4493375389006565e-10,8.78819564979632e-10,1.3178972136813337e-14,1.5221807619064932e-08,8.968338077470764e-11,1.0544799095962584e-14,7.163832464505062e-17,8.89369137515401e-14,1.4633174317926341e-08,2.493680455840611e-10,1.0157785786528228e-10,4.58836842007168e-07,0.0001165505669657806,2.05032221833383e-16,1.668515767831903e-08,3.350767514484229e-05,5.220697406536745e-09,3.0299419057395686e-05,3.2813233348644776e-06,1.1798859420170022e-09,0.0009325699082784016,6.382686884309925e-10,2.2017328741806055e-07,3.055824079662799e-11,2.0688128075962988e-08,2.1131547252880766e-05,2.3961380443949635e-09,7.2678592426693e-05,6.544540937323491e-20,0.00016179737322746058,5.0050827344502056e-12,1.3686100164630499e-06,1.006095953130373e-05,7.654716374629565e-05,2.0091680276106225e-12,1.1895425111022588e-11,0.0005530553320668859,1.6757488756328332e-06,1.1453952060195652e-12,8.986007481983176e-08,1.8495519361297883e-14,8.071601135646909e-06,2.5879859951064358e-06,1.5140808553927163e-05,4.260845934659092e-05,1.4334830865069928e-06,1.5963981566895228e-05,4.5109770703298844e-07,1.4136834417837633e-07,7.02623998906318e-06,3.874726947812648e-07,5.7235029150079845e-11,5.133943006609276e-13,9.719045965981318e-12,4.552447320290187e-08,8.015518914085008e-06,4.124497178113581e-13,4.2201815129062695e-08,2.367024427166122e-15,4.756442763460468e-11,6.513200643343697e-09,1.007237054860827e-09,1.1030303990904822e-09,8.238051045231565e-12,2.4805743375127243e-15
0.0280390625,0.8282873711681079,888.33388386106,0.38314312720479554,0.6896203661856936,0.0,0.0334809694534098,1.355110762655646e-06,0.03402796587380077,0.15904044839221862,0.0371556107543726,6.055796238344681e-19,2.3387272362930013e-14,5.719732475522988e-08,2.551730491277425e-07,0.0013233651139023085,3.681894906226695e-83,2.344629412915015e-24,6.819939033905106e-05,2.9039306843677234e-05,0.015083193059699929,0.014788462086202762,2.014025045395215e-07,1.4696429226232417e-10,4.626577911541884e-05,0.00011706110993351471,1.693801914167136e-08,8.673480279242362e-13,0.0006796215540112163,2.0972064257933744e-13,7.04644976122693e-11,5.530550004095453e-05,6.602664807592203e-07,0.0001357017856644312,4.793033429757523e-09,0.0008620923806154123,0.0002153747257611503,1.7804336655885547e-06,6.770567075431921e-09,8.331974606113504e-10,1.5180252423560358e-07,2.7931105695376356e-06,1.6558902587091121e-10,0.0018903110316572309,4.533541280330098e-05,0.0008090187758541469,0.0006746441696851809,7.404213961076789e-06,3.087825327031607e-08,0.00198343111036124,0.00011869016337890015,9.066906659977288e-08,0.0004517015411869718,0.0006109482699833491,0.003470876106347221,7.367374752272961e-05,1.7554324162032399e-06,6.347442957324457e-08,1.3757939897751317e-14,1.3780529521989156e-09,2.8766125640680454e-19,3.077311822010323e-16,6.132107831873104e-17,0.00046573143075654967,1.1471110993097676e-10,1.2920276060075088e-08,6.156672846818824e-10,4.529576121674511e-07,7.071748934471999e-16,8.485701551575167e-05,4.997745933958127e-08,3.420445804447472e-13,3.2867282777492602e-09,7.264529808292264e-12,1.52460743597353e-13,7.407746077948841e-11,2.7192777947839225e-11,3.2904538354796314e-14,4.4085209723637774e-06,3.189919583593338e-08,9.736760349226905e-06,0.00022272494517726164,9.149540921727523e-06,6.583805835999559e-05,1.5869050334860605e-10,1.0351110684169068e-09,2.9729010850393316e-14,1.894198577518206e-08,1.0504101375181204e-10,1.3956449392616435e-14,1.1105104255958206e-16,7.491012797563477e-14,1.6028625946525507e-08,2.87375461081249e-10,1.2606365918920423e-10,6.941369583300387e-07,0.00012254589952190756,3.6212791122898234e-16,1.8866042478124415e-08,3.832742074873089e-05,4.632729469655438e-09,3.346296247393897e-05,3.2452045680319305e-06,1.1998420328477533e-09,0.001026025825464197,5.634495664925581e-10,2.468183850786776e-07,3.421427516388513e-11,1.966267786162281e-08,2.2427465356077807e-05,1.6711112064198881e-09,8.117543484524669e-05,2.463264483425011e-19,0.00011999465542516708,4.923164744367476e-12,1.4220242728104975e-06,1.1137704211235546e-05,8.755445768170747e-05,2.4512830215538567e-12,1.5147049259544422e-11,0.0006010887610598354,1.1863814457870252e-06,1.827492375161911e-12,9.815688966727411e-08,2.726450743891367e-14,9.309184799379719e-06,1.7482270261740073e-06,1.8365362304358292e-05,4.642022822029955e-05,1.5846192901337674e-06,1.6932053793941716e-05,3.483729700877442e-07,1.805589740746364e-07,7.686824258348084e-06,4.301015752846384e-07,4.640535706277543e-11,4.716497467615884e-13,7.733881346610153e-12,3.5367810421263355e-08,8.884122399512367e-06,5.948553536441484e-13,4.9803465528163145e-08,2.383373034983763e-15,5.880231162089656e-11,5.276618365847914e-09,1.0259196158998213e-09,9.071461677690661e-10,7.467923390934514e-12,4.8155853902640466e-15
0.028046875,0.8505603505689782,911.650731396031,0.37311004845370055,0.6895800132662138,0.0,0.03254195919602979,1.6120539988491797e-06,0.03326470737874377,0.15666150218186675,0.03855326029549075,1.6730749596312044e-18,4.693629689770574e-14,7.812046096059505e-08,3.4196711360118015e-07,0.0013405245330886553,3.6718308389817466e-83,2.3453683823336666e-24,7.262681236817351e-05,3.026003323785108e-05,0.01578572934028927,0.015671601916261015,2.5042639555411953e-07,2.126288694094175e-10,5.5370913452818715e-05,0.00012523117799722114,2.5794376317412994e-08,1.8557083728187217e-12,0.0007174403674937305,4.182581822613381e-13,9.928202152222343e-11,5.8419340225588565e-05,6.351760307704249e-07,0.00014521538587782294,6.9200793634314574e-09,0.000910033031283948,0.00022608634346636526,2.3945208189833113e-06,8.847995746344673e-09,8.869381155603322e-10,2.053331115088483e-07,3.050761721964882e-06,1.8544544009223844e-10,0.001968849240743334,4.8362676241587666e-05,0.0008650543060631554,0.0007366914650347894,1.245364344266471e-05,2.8148826116204368e-08,0.002138908271980887,0.00012743902141497057,1.5171088822865405e-07,0.0005113057924505471,0.0006920405096625962,0.0037457096032709717,5.5757887266636046e-05,1.9248024917202525e-06,9.948766553746835e-08,2.6145030209460704e-14,1.6263919245520941e-09,8.220194638891255e-19,4.3823083723814415e-16,8.830324114725362e-17,0.0005182497384913037,1.2216976923477523e-10,1.22696630947616e-08,6.775142468616396e-10,6.185083737397063e-07,1.0793628374067664e-15,9.024265742690795e-05,4.536755206082853e-08,7.234302213486102e-13,3.803804236425668e-09,9.434782066764191e-12,2.18764209056009e-13,7.500888586601505e-11,3.734586215698122e-11,3.9382917505309425e-14,3.754556438924076e-06,2.4376849775820457e-08,1.058676173425941e-05,0.00023917086139470215,9.194991532429208e-06,5.3157482445145966e-05,1.7284615994083227e-10,1.220550786474846e-09,6.437234942100216e-14,2.2821676312291668e-08,1.2017403750869776e-10,1.8461234640588114e-14,1.690621800922507e-16,6.311050977708443e-14,1.7309800892882596e-08,3.3138195593155795e-10,1.5368770758244815e-10,1.0030075549474538e-06,0.0001251957468232305,6.292493531661748e-16,2.1205728950073325e-08,4.380703164767568e-05,4.087790517817273e-09,3.660531481685492e-05,3.161029554523336e-06,1.2169949633046779e-09,0.001125269948249875,4.847715960866382e-10,2.7610613904851797e-07,3.812207697644967e-11,1.8115455667525715e-08,2.360410515058718e-05,1.1426093164723033e-09,9.04755795811576e-05,8.916705307217269e-19,8.317761020572577e-05,4.766469283378982e-12,1.4472289947230852e-06,1.2294584702371162e-05,9.947480245715285e-05,2.812392703546113e-12,1.8780409189985317e-11,0.0006515766941287789,8.547978907269438e-07,2.871546771357078e-12,1.0685428632144095e-07,3.9592968370451006e-14,1.0628184301730563e-05,1.1878314135401392e-06,2.1949666425523967e-05,5.0470574932659054e-05,1.7487343344693275e-06,1.7955012136690467e-05,2.6851687531638477e-07,2.301632225708941e-07,8.33631427769886e-06,4.765837422114575e-07,3.7781202957065805e-11,4.3324299595257284e-13,6.184034946672099e-12,2.737067842588731e-08,9.803883456981563e-06,8.51231648152963e-13,5.869983770150971e-08,2.3932271104340425e-15,7.454292485879113e-11,4.295445154408763e-09,1.0475185467475567e-09,7.874956686831958e-10,6.777369708111152e-12,9.169362037008799e-15
0.028054687499999998,0.8733185729598874,935.4344240192339,0.36338699695576465,0.6895564926317653,0.0,0.031524931626631676,1.926539770843856e-06,0.03248314633584016,0.15421661230435352,0.039976978284657134,4.563577356132225e-18,9.319333236164394e-14,1.0633767143637113e-07,4.5465841467292065e-07,0.0013576722935378714,3.662115802869703e-83,2.3461828773061177e-24,7.720935592723387e-05,3.143346521041532e-05,0.01650883510965163,0.016592490814486726,3.094337449235518e-07,3.0665550222759746e-10,6.562185839402257e-05,0.00013389953411477746,3.8921116842032884e-08,3.928723179860646e-12,0.0007567428885196586,8.298597175640221e-13,1.3935157035020524e-10,6.165378584185951e-05,6.075107273246852e-07,0.00015531767020932706,9.970803332414156e-09,0.0009595849820686998,0.000236159007009676,3.144641669830709e-06,1.1494890267375872e-08,9.439434638917806e-10,2.7212116534885525e-07,3.3338954738158375e-06,2.0185391626265264e-10,0.0020492520974932523,5.153904036267511e-05,0.0009235901351089368,0.0007991925697444055,1.9739852684662317e-05,2.5163675794836866e-08,0.002302744993325805,0.00013665416157726022,2.4407901648613797e-07,0.0005685522552088336,0.0007794676140185036,0.004034506019220159,4.1396573839669455e-05,2.1073111004207883e-06,1.536876260379311e-07,4.85535280866995e-14,1.9335417998741764e-09,2.2705358023987604e-18,6.120470351117879e-16,1.2460908974518904e-16,0.0005738552537154536,1.2917019066335157e-10,1.1603872024021581e-08,7.408111193561111e-10,8.354163687087929e-07,1.6257668104467564e-15,9.525202748641175e-05,4.127044906540891e-08,1.5096415948024112e-12,4.35711624478068e-09,1.2097238424058334e-11,3.107978378092071e-13,7.815951951531186e-11,5.117862052883e-11,4.6154674912917463e-14,3.108431392664598e-06,1.8761670862825956e-08,1.1491749879540011e-05,0.0002557854602255722,8.912529493395166e-06,4.1561353701423196e-05,1.8756502658762618e-10,1.4382318001955114e-09,1.3415080583040817e-13,2.64751337204639e-08,1.3480465315637227e-10,2.439801389839637e-14,2.530290367157905e-16,5.321867136855471e-14,1.837039923230468e-08,3.8152506914246107e-10,1.8343599113027726e-10,1.373637565779831e-06,0.00012348061994369228,1.075655366110372e-15,2.363948460859965e-08,5.0091310968887615e-05,3.5981480434689333e-09,3.9766446730061185e-05,3.047686641877227e-06,1.233022270049929e-09,0.001229977196691822,4.0369966637745e-10,3.082150626938268e-07,4.232980137000494e-11,1.604820645220838e-08,2.4632806539604455e-05,7.629127168220041e-10,0.00010061283260896492,3.1061335461928957e-18,5.409593305804064e-05,4.5520353465372824e-12,1.4381323211619805e-06,1.3528551130983293e-05,0.00011207232178935679,3.0663868541008743e-12,2.2738185367455584e-11,0.0007043840856928069,6.273279128362176e-07,4.442377949930556e-12,1.1587407178131516e-07,5.726436927051765e-14,1.1981062311929653e-05,8.13603585026547e-07,2.593625189210265e-05,5.475951246770205e-05,1.9266452736170865e-06,1.9038726345050024e-05,2.0730105071274033e-07,2.9337957002654074e-07,8.956822170237873e-06,5.271721684040618e-07,3.0808209426476295e-11,3.9692351567429005e-13,4.955832754827266e-12,2.1183165660680883e-08,1.0772200881758228e-05,1.209624035299566e-12,6.900223068357872e-08,2.3906457016054214e-15,9.657263731628342e-11,3.5130981337491216e-09,1.0748294190344941e-09,7.095660651269683e-10,6.157266760933117e-12,1.7129391784025896e-14
0.028062499999999997,0.8965564430206664,959.674037292277,0.353968359810529,0.6895516582758301,0.0,0.03042780668386829,2.31586399743732e-06,0.03168326801080234,0.15170565600541705,0.04142659392059764,1.2320610477448353e-17,1.8341491667598513e-13,1.443542660350951e-07,6.000507033656096e-07,0.0013748110512259819,3.65284172355381e-83,2.347078375089165e-24,8.191535773196793e-05,3.253813371956559e-05,0.017252565239144486,0.017552024960831514,3.8057752435176003e-07,4.421105146577885e-10,7.720255984610925e-05,0.0001430781762494667,5.817225890797163e-08,8.211277970158964e-12,0.0007975649949930971,1.6403795748836039e-12,1.9561375593581053e-10,6.50123105577588e-05,5.79519892753374e-07,0.00016598928486641283,1.4351114432444797e-08,0.0010107070444610794,0.00024528720816058546,4.040805844906987e-06,1.4874496520394938e-08,1.0062026415740743e-09,3.5327747419430247e-07,3.6443262905694165e-06,2.134270489257807e-10,0.0021315097892973867,5.486814608390498e-05,0.000984411690683866,0.000862306173134737,2.9528065891159837e-05,2.2038327731979837e-08,0.0024750797120609994,0.0001463446906807816,3.7890227235452915e-07,0.0006231137693313013,0.0008745294845750667,0.004336770783490459,3.058343383459582e-05,2.303712564564715e-06,2.3436858622284818e-07,8.834862292015229e-14,2.317488549004268e-09,6.053998200355489e-18,8.379290555999481e-16,1.7223841745221722e-16,0.0006320560783525021,1.357653852300487e-10,1.094348854104404e-08,8.062594341414141e-10,1.1163203695730202e-06,2.4153875541485414e-15,9.977193608736975e-05,3.766775709176786e-08,3.0898135349739877e-12,4.932550204918532e-09,1.5326880580222563e-11,4.3734715761529994e-13,8.275669567444379e-11,7.017730872244744e-11,5.318877708418448e-14,2.512445442346946e-06,1.4533596356119055e-08,1.2453011917768312e-05,0.00027238129592234986,8.305205139092314e-06,3.1563375511108796e-05,2.0313781914571448e-10,1.6908636658460804e-09,2.700551735614689e-13,2.943825823124424e-08,1.490151481184637e-10,3.220523742504886e-14,3.726442787718477e-16,4.494469399703727e-14,1.909330753023771e-08,4.3726065112694337e-10,2.1349955304361566e-10,1.7719178089687663e-06,0.00011690186867888461,1.809900668826939e-15,2.6043705125374472e-08,5.733280624201094e-05,3.1666706674214184e-09,4.296095980221271e-05,2.925516883160797e-06,1.2493921012437573e-09,0.001339612614487652,3.233647784942344e-10,3.433186561616632e-07,4.6911637562986664e-11,1.358079440679626e-08,2.5490129380777503e-05,4.956935787698746e-10,0.00011160032919499508,1.0416881790505317e-17,3.345959203003293e-05,4.304911719922734e-12,1.3925213668560124e-06,1.4833682747583464e-05,0.0001249648476514791,3.2313474984356065e-12,2.701010293401485e-11,0.0007593177981543024,4.685546824992848e-07,6.764625815257684e-12,1.251119354396225e-07,8.356878320850799e-14,1.3295928938141536e-05,5.623184052939393e-07,3.037462262601584e-05,5.928352790513814e-05,2.1191894488793263e-06,2.018872659098664e-05,1.6068781641568873e-07,3.7367588730251973e-07,9.529893856194375e-06,5.821108769871857e-07,2.506698502045274e-11,3.613629511465872e-13,3.965345654120149e-12,1.6439192455961976e-08,1.1786334826624943e-05,1.7079133539193906e-12,8.078642325012276e-08,2.3670101607536976e-15,1.2713895986676957e-10,2.886467763486875e-09,1.110576558055542e-09,6.550141947711105e-10,5.599928443987541e-12,3.1402703458372245e-14
0.028070312499999996,0.9202667454065844,984.3560008086669,0.3448485074546266,0.6895676716140292,0.0,0.029249403949784952,2.8027540924086354e-06,0.030865087293240508,0.1491286425040871,0.04290195860784354,3.296871073342229e-17,3.5824564223666996e-13,1.9548177285741685e-07,7.864002342556078e-07,0.0013919441208720435,3.644117293028379e-83,2.3480617302765573e-24,8.670412959821611e-05,3.354924153329409e-05,0.018016956646510107,0.018551120450341883,4.6661129577701885e-07,6.386379914537358e-10,9.03750862257315e-05,0.00015277608913972246,8.607961345578299e-08,1.691053481651893e-11,0.00083994455556808,3.232686933533272e-12,2.755682155844473e-10,6.849856090003625e-05,5.52943508532329e-07,0.00017718339750832663,2.0645874385974138e-08,0.0010633418720400118,0.00025314210103836066,5.088508103158537e-06,1.9207903009341914e-08,1.0760979807559173e-09,4.4918342150451143e-07,3.983618612822877e-06,2.200226644343214e-10,0.002215607775180482,5.8353064981811004e-05,0.0010471595330282788,0.0009266598033898745,4.180350490349072e-05,1.897062816942447e-08,0.0026560350390932067,0.0001565179829927242,5.703893449906989e-07,0.0006755443574946534,0.0009790539091687983,0.004651671974495138,2.279766265409241e-05,2.5147915893218665e-06,3.5319510430149803e-07,1.5799683292172028e-13,2.80124952044509e-09,1.5570909341947362e-17,1.1238955977002776e-15,2.3306745175483526e-16,0.000692161764367331,1.420331646611004e-10,1.0304403206984746e-08,8.748982355045615e-10,1.4759083316575807e-06,3.5377554817899283e-15,0.00010369726142215525,3.451714185043496e-08,6.179037483879428e-12,5.509015065930333e-09,1.9196797630901088e-11,6.096504908145952e-13,8.831414304690609e-11,9.649978869594047e-11,6.06266779564248e-14,1.9933860703244063e-06,1.1323314181958225e-08,1.3471458995793285e-05,0.00028873489153895623,7.424334493845672e-06,2.3418595084997743e-05,2.199459105228227e-10,1.98027088029975e-09,5.272276421172368e-13,3.128603076690243e-08,1.631876657967378e-10,4.243307266767181e-14,5.402929933337265e-16,3.801967396978123e-14,1.9370322380826808e-08,4.971279790938884e-10,2.41757207243497e-10,2.1429969584040587e-06,0.0001057686322207739,3.0000993631987538e-15,2.821740586204881e-08,6.56965795776503e-05,2.7910574050149236e-09,4.618174065568539e-05,2.8106495757378205e-06,1.2670173430301032e-09,0.001453376241833069,2.479128613960066e-10,3.8157916460868454e-07,5.195549099910226e-11,1.0924656374018212e-08,2.615933300693799e-05,3.1265720811987525e-10,0.00012341838278462542,3.3638521649920824e-17,2.0166093686797547e-05,4.053845190341109e-12,1.3134782302806923e-06,1.620078167585236e-05,0.00013762429385665885,3.3549249713720125e-12,3.164877394221561e-11,0.0008161168749337745,3.557394916353014e-07,1.013705205042255e-11,1.344401551086931e-07,1.2486338618213803e-13,1.4476824177660357e-05,3.922336572028928e-07,3.532058729211569e-05,6.403455255088282e-05,2.3272165218436677e-06,2.1409861471464833e-05,1.252658456443937e-07,4.7426720260493234e-07,1.0038226974863937e-05,6.416109006974669e-07,2.0246415584309576e-11,3.252686379418237e-13,3.151502307585405e-12,1.2815733515770787e-08,1.284352364895605e-05,2.396664391860446e-12,9.407821969767797e-08,2.311291310094776e-15,1.6901430955286456e-10,2.3824317592596022e-09,1.1568887283550846e-09,6.141927193613435e-10,5.09873788265327e-12,5.6508781272831074e-14
0.028078124999999995,0.9444404815703548,1009.4643855951645,0.3360218243566964,0.6896067091593894,0.0,0.027989729451569603,3.416408904981263e-06,0.03002864201026202,0.14648565629368177,0.04440292425333605,8.746943643135791e-17,6.947586045851442e-13,2.64042860774481e-07,1.023486531250915e-06,0.0014090745096571246,3.636104626561255e-83,2.3491400036098186e-24,9.152605585327894e-05,3.4438781243862386e-05,0.018802015771625172,0.019590708613122402,5.709555173752512e-07,9.2569040212246e-10,0.00010547516144458486,0.00016299833624546265,1.2602253857492534e-07,3.4258291370598313e-11,0.0008839210101720883,6.351000675391342e-12,3.9056415167883184e-10,7.211601524953637e-05,5.289151124655346e-07,0.00018881705449466324,2.9692250965155615e-08,0.0011174069706820292,0.0002593809530154669,6.285114073970453e-06,2.479271401552914e-08,1.156244825003174e-09,5.592195622625654e-07,4.352977842521253e-06,2.2334058902174192e-10,0.0023015238580199504,6.199601796226573e-05,0.0011113016714425813,0.0009930935866381504,5.6256399455497364e-05,1.61997704124453e-08,0.0028457124433864385,0.00016717915241754266,8.376821301089718e-07,0.0007268001171579778,0.0010952611456743998,0.004977954183697,1.730889517074465e-05,2.7413636745110453e-06,5.261445113682681e-07,2.786721542749267e-13,3.4131616905845864e-09,3.861589774027796e-17,1.4759294913177726e-15,3.085544057308862e-16,0.0007532094844202267,1.4803488144032962e-10,9.695929365584393e-09,9.479055466023043e-10,1.9309460928131647e-06,5.1055721743784126e-15,0.0001069328525535441,3.1753778637245415e-08,1.204505936144275e-11,6.057430820159548e-09,2.3763343861054277e-11,8.418031515821383e-13,9.453895148849543e-11,1.3325528646899354e-10,6.881620416015758e-14,1.5610123435608651e-06,8.865661221010534e-09,1.4547513790515167e-05,0.0003045834997003125,6.364940194832806e-06,1.712300127474931e-05,2.3842845511504817e-10,2.306756187175858e-09,1.0017396178606555e-12,3.177196843248782e-08,1.778486875528711e-10,5.5735081253520583e-14,7.710598494406829e-16,3.219716092921541e-14,1.9130595824309307e-08,5.58692794001984e-10,2.654849823452015e-10,2.423481853128974e-06,9.125092710272504e-05,4.902941603431888e-15,2.9879066171903305e-08,7.536150139851663e-05,2.4664728680883217e-09,4.9402934866178434e-05,2.7116629476062572e-06,1.2858631538095213e-09,0.0015701387486773966,1.8140453294776625e-10,4.2313938718860355e-07,5.754484582349006e-11,8.328488908076294e-09,2.6630835567321318e-05,1.913307364713687e-10,0.000136001878150543,1.0459303160677531e-16,1.2201658818412059e-05,3.8257486164240115e-12,1.209334238933601e-06,1.761694566801731e-05,0.00014941065339992544,3.483722961477371e-12,3.6754662555558066e-11,0.0008744424650130034,2.742217701411918e-07,1.4947262007417532e-11,1.43713994684802e-07,1.9367423353640091e-13,1.5409573086589964e-05,2.760484917720416e-07,4.083584778638167e-05,6.899884022318854e-05,2.5515754684720885e-06,2.2705898319083884e-05,9.831890567256463e-08,5.973547696538604e-07,1.0467731507163904e-05,7.058070476265382e-07,1.612818963226133e-11,2.876192429985876e-13,2.4716911760593027e-12,1.0048891817952759e-08,1.394106474769217e-05,3.3424537195236103e-12,1.088385911307737e-07,2.2116217663116997e-15,2.2559437764084787e-10,1.9753531731418876e-09,1.2148497293255525e-09,5.820069568158465e-10,4.64788545259092e-12,9.983567309790624e-14
0.028085937499999998,0.9690666912837361,1034.981198863258,0.32748273825528557,0.6896707111995679,0.0,0.02665032400856211,4.193613424888472e-06,0.029173992036720695,0.1437768321737061,0.045929317550405566,2.2998255491183205e-16,1.3377988448068417e-12,3.556019297909067e-07,1.3225571657885659e-06,0.0014262038462376063,3.629000564969853e-83,2.35031941773269e-24,9.632299309527576e-05,3.5175957582828937e-05,0.019607702942426006,0.020671729306492023,6.977503451969175e-07,1.3471753001460762e-09,0.00012289554712903634,0.00017374456612251232,1.8239951083743656e-07,6.816771760753649e-11,0.0009295345101755939,1.2429430535585493e-11,5.576472862298442e-10,7.586745468072548e-05,5.080321072033488e-07,0.00020076006453365017,4.267778673480693e-08,0.0011727802662685825,0.000263659675409352,7.614901811416239e-06,3.202688469108002e-08,1.2491843057049865e-09,6.815598731605729e-07,4.753129575150902e-06,2.2706022386231255e-10,0.0023892246377296175,6.579800259774434e-05,0.0011761167952044507,0.0010624173015005207,7.238056900685903e-05,1.3949807652231976e-08,0.0030441847607541555,0.00017833038369884492,1.2079065643789312e-06,0.0007777449728456964,0.0012256625404274376,0.005313837145959437,1.3433100660078354e-05,2.9842748617218e-06,7.742817477275557e-07,4.868484390566213e-13,4.186903007945295e-09,9.231863142079852e-17,1.896376795480729e-15,3.993700817815621e-16,0.0008138671044441182,1.5379652231857917e-10,9.121683427374138e-09,1.0265023482601363e-09,2.500217286869403e-06,7.255870743407997e-15,0.00010939275728223135,2.9296821402336822e-08,2.2853666954291125e-11,6.540342933919366e-09,2.9042395575130916e-11,1.1511417960816235e-12,1.0126368023365313e-10,1.8488095671087477e-10,7.829173621570786e-14,1.2117474192276009e-06,6.968451763709799e-09,1.56809776730405e-05,0.0003196226433735799,5.246203881567646e-06,1.2472198707444472e-05,2.5902622520804174e-10,2.668467361735384e-09,1.8571758158226666e-12,3.092062493499915e-08,1.9353071391928164e-10,7.28231600780797e-14,1.0820098617993568e-15,2.7259111264961883e-14,1.8367865081819524e-08,6.189208523698737e-10,2.8233217198434543e-10,2.561760313103837e-06,7.511657364136593e-05,7.90385515479433e-15,3.0698235322919115e-08,8.651739258037423e-05,2.1870955088992605e-09,5.258217905501923e-05,2.6295068578426053e-06,1.3047135908227796e-09,0.001688369355175027,1.2668643171783862e-10,4.681124039621991e-07,6.374564398897126e-11,6.013050955197578e-09,2.690143197774787e-05,1.1384733693203295e-10,0.00014923122180594172,3.130805528890754e-16,7.590130792123498e-06,3.640860719947677e-12,1.0918774371135247e-06,1.9065103408661284e-05,0.00015963903667488656,3.642440316154607e-12,4.244576782682706e-11,0.0009338682823596012,2.143843935531304e-07,2.1685941721816092e-11,1.527816757461923e-07,3.146759022691738e-13,1.5973448723816382e-05,1.9591411832250795e-07,4.6987443222284635e-05,7.415590377539836e-05,2.7930943025398428e-06,2.407901884825121e-05,7.775243025531969e-08,7.432494107120876e-07,1.0809473420118989e-05,7.746894883444812e-07,1.2576730868500521e-11,2.4800404122073616e-13,1.8986757805408965e-12,7.931672564336299e-09,1.5076378882113347e-05,4.6316323118982175e-12,1.2494901102337057e-07,2.0586077245591705e-15,3.0103523864766027e-10,1.6452679247783398e-09,1.2842799919689883e-09,5.557132481240487e-10,4.242197175985128e-12,1.7320927182600587e-13
0.028093749999999997,0.9941322963309029,1060.886506599574,0.3192257356338362,0.6897612819448532,0.0,0.025234653851662972,5.179990194709034e-06,0.028301229057241393,0.1410023851767187,0.04748091854823443,5.986185789596375e-16,2.5565442386892086e-12,4.772157904416346e-07,1.6961257606294077e-06,0.0014433314495559814,3.623023975811362e-83,2.3516048842842748e-24,0.00010102917089198355,3.572804165021886e-05,0.020433916956444767,0.021795125319286204,8.51902268790363e-07,1.9681253071332545e-09,0.00014306262390062133,0.00018500722084234566,2.607825255148565e-07,1.3304087851353876e-10,0.0009768245216379414,2.4200913256366266e-11,8.021936892691548e-10,7.975424392720512e-05,4.903477420048064e-07,0.00021282238794450328,6.126802887204662e-08,0.0012292794624636316,0.00026564873081147796,9.045825294243736e-06,4.14410586355784e-08,1.357553357944885e-09,8.131019086876305e-07,5.18419827138152e-06,2.3643312392471896e-10,0.0024786618288170047,6.975828186927706e-05,0.001240689637077439,0.0011352907707161887,8.964734584601306e-05,1.2380132858952982e-08,0.0032514876518768363,0.00018997013930818947,1.7203723507903687e-06,0.0008288854132669057,0.0013730368010697197,0.0056569069665337954,1.0650901155782714e-05,3.2444005599565207e-06,1.1239833678501016e-06,8.470380856656157e-13,5.160695186527953e-09,2.1272013281851342e-16,2.3822138847669036e-15,5.0497849482542e-16,0.0008723364047729067,1.5929136757150247e-10,8.580614406475144e-09,1.1118407007949733e-09,3.204352848967902e-06,1.014858783753086e-14,0.00011099765409667984,2.705895087938701e-08,4.216525743782101e-11,6.912721636115642e-09,3.49784719078836e-11,1.558614341668313e-12,1.0840018852583187e-10,2.576509356374126e-10,8.97128628832094e-14,9.345987604082562e-07,5.491428297911041e-09,1.6870878287842454e-05,0.00033350528335136375,4.18209037022587e-06,9.151582751405463e-06,2.822231260925801e-10,3.0608503027158816e-09,3.365240148033739e-12,2.901881526737244e-08,2.1068787004729392e-10,9.435712412248402e-14,1.4903068398022013e-15,2.3022203560834066e-14,1.7154418084122283e-08,6.753471052705833e-10,2.9092457620699654e-10,2.537114152430292e-06,5.9236645084771767e-05,1.2571026285472237e-14,3.037624093545525e-08,9.935790307139592e-05,1.9469745907955826e-09,5.5662654211028446e-05,2.559695406473119e-06,1.3211594092552044e-09,0.0018060602271234554,8.471878475158214e-11,5.165693143787622e-07,7.059553925057393e-11,4.119699637240174e-09,2.6972377928007332e-05,6.624268775793862e-11,0.0001629314386068979,9.019869049581453e-16,4.898075792880338e-06,3.510333946817112e-12,9.733894553683488e-07,2.052356018549704e-05,0.00016766447947579277,3.834433167019186e-12,4.88344153638205e-11,0.0009938730990649036,1.6979613624699768e-07,3.095996732253234e-11,1.61497202631415e-07,5.357177009062776e-13,1.605681191143016e-05,1.401102860663779e-07,5.384656494725183e-05,7.947770085879401e-05,3.052548809417414e-06,2.552918914852482e-05,6.197988668904072e-08,9.096473411172759e-07,1.1060811870573947e-05,8.480113103301693e-07,9.52712507045417e-12,2.0695076836886134e-13,1.417560942709951e-12,6.3053676107438666e-09,1.624705954006788e-05,6.374460095132647e-12,1.4219884916476598e-07,1.849967538612311e-15,4.0041426465558954e-10,1.3765535479007395e-09,1.3637003072989512e-09,5.337721936275497e-10,3.87702804295092e-12,2.9516462725211213e-13
0.028101562499999996,1.0196214937589938,1087.157900955035,0.3112455117473223,0.6898797010958394,0.0,0.0237484975906136,6.431466453606735e-06,0.027410494426050588,0.13816266709379296,0.04905744356865702,1.5405092388050834e-15,4.8459211661106194e-12,6.376917778585577e-07,2.1576264226570784e-06,0.001460453447408662,3.618395849858984e-83,2.3529999667527892e-24,0.00010557271491952854,3.606173149165246e-05,0.021280479968888634,0.022961838102323585,1.0391125269897697e-06,2.884209131055383e-09,0.00016641199767189168,0.00019676938227701642,3.680313735211493e-07,2.5434715812492106e-10,0.0010258275424802627,4.679751321205696e-11,1.1616179786619513e-09,8.377544302606797e-05,4.7557274158797317e-07,0.00022474209211724067,8.776550001692102e-08,0.0012866346594062115,0.0002650564633882826,1.0527328943481235e-05,5.37407964043998e-08,1.4839488704316075e-09,9.495903528807187e-07,5.645607464736371e-06,2.5754841631711144e-10,0.0025697685811355486,7.38736547299734e-05,0.0013039149664011529,0.0012122218084726385,0.00010766556332647742,1.1562145478590888e-08,0.00346761044003557,0.00020209224379879532,2.4316231200219125e-06,0.0008803417690294101,0.0015404732012314595,0.006003998102150533,8.611388860796344e-06,3.5226423193886342e-06,1.6059773682968732e-06,1.4775351718366233e-12,6.375948181971727e-09,4.723437402017299e-16,2.923438055201179e-15,6.232346061773174e-16,0.0009262952475498849,1.644493112094528e-10,8.069265549042433e-09,1.205048021366521e-09,4.065510734370487e-06,1.3961134663014055e-14,0.0001116722635707561,2.4955024000477424e-08,7.560125006525955e-11,7.124689703319207e-09,4.1409348806576074e-11,2.0891449881607034e-12,1.1590873121679393e-10,3.603598971148631e-10,1.0379779734996182e-13,7.165157200360819e-07,4.3318357486220115e-09,1.8115296183987247e-05,0.0003458436543009675,3.253982887076701e-06,6.825618383145343e-06,3.085284407949791e-10,3.476438887139673e-09,5.9656575247336766e-12,2.650393435797059e-08,2.2969740058783266e-10,1.207570815438973e-13,2.0096797767678992e-15,1.9340436202928728e-14,1.562920928380783e-08,7.279170437555239e-10,2.913074695320033e-10,2.3666898190451517e-06,4.508427521900333e-05,1.9726042868098822e-14,2.8764547008339226e-08,0.0001140687790663792,1.7404700658359502e-09,5.857551641538854e-05,2.4947641593069816e-06,1.331727465791421e-09,0.0019206553902635407,5.461354443401968e-11,5.685253818929318e-07,7.811009407654465e-11,2.691680244364994e-09,2.684682141177577e-05,3.8025625839285837e-11,0.00017688196082948584,2.5007139479107e-15,3.2683219362949628e-06,3.4368213757742712e-12,8.637360860661679e-07,2.19656542995392e-05,0.00017295872818044443,4.05350205098548e-12,5.601926638520321e-11,0.001053837355268693,1.3608233555183724e-07,4.350414017194135e-11,1.6973452457854883e-07,9.472215151241791e-13,1.5573782725241665e-05,1.0088762827459651e-07,6.148605763036227e-05,8.492824251654466e-05,3.33061370162555e-06,2.7053387658636637e-05,4.981126828118318e-08,1.0913877500266477e-06,1.1225035119934613e-05,9.251886392985308e-07,6.964429938320614e-12,1.6603328692580423e-13,1.0218149866320653e-12,5.049838202415441e-09,1.745090330905049e-05,8.709493674024196e-12,1.6027837598205168e-07,1.5946076072215656e-15,5.298901405958991e-10,1.1569391483336609e-09,1.4506471321966263e-09,5.152549660310214e-10,3.5482001191284852e-12,4.941398427251556e-13
0.028109375,1.04551531418154,1113.7701446169306,0.3035370303131527,0.690026932781067,0.0,0.022200265215969538,8.016062562326346e-06,0.02650200101395164,0.13525820722569293,0.05065852531511319,3.914667408457157e-15,9.10626348348185e-12,8.478398079534915e-07,2.7209796849748196e-06,0.0014775616577719982,3.615362461979643e-83,2.3545068562314685e-24,0.00010987790043296042,3.614504344523743e-05,0.022147119583272902,0.02417280145304662,1.265856232558954e-06,4.235258386134789e-09,0.00019336703234794242,0.00020900283452786767,5.123455288451326e-07,4.75790933972091e-10,0.0010765732663611388,8.968366763816463e-11,1.6905484573158693e-09,8.792678030281062e-05,4.632155540568039e-07,0.00023617679525115008,1.252958022479541e-07,0.0013444546754258241,0.00026165861009625884,1.1991850602366706e-05,6.986124828589537e-08,1.6309899645679558e-09,1.0859595187766205e-06,6.13603218149898e-06,2.9665946744546067e-10,0.002662455629765949,7.813740872055766e-05,0.0013645044677998725,0.0012936137782020513,0.00012624470372638922,1.1486729647790572e-08,0.0036924857034614273,0.00021468482157730167,3.4209630042077666e-06,0.0009319214741672309,0.0017314288679302083,0.006351081176135102,7.087381756101244e-06,3.819919786418628e-06,2.2524040622791744e-06,2.603502434512877e-12,7.874722888972556e-09,1.0105789550463936e-15,3.501945359063008e-15,7.500829983432352e-16,0.0009729217458057047,1.6916044610274726e-10,7.582955689318107e-09,1.3072284664714827e-09,5.1068993654467196e-06,1.8877610109062654e-14,0.00011134459910237795,2.2909407765800728e-08,1.3166539885442116e-10,7.127005798398511e-09,4.803425661997041e-11,2.7720406541373288e-12,1.2377620819115435e-10,5.052400426213653e-10,1.2128944211707874e-13,5.455462504461906e-07,3.41425535282113e-09,1.9411166751150717e-05,0.0003562151884918379,2.4977386738926273e-06,5.199791512787324e-06,3.384967022474109e-10,3.905117693170723e-09,1.0351405351725624e-11,2.3814153227706643e-08,2.508758198899639e-10,1.5193111117554333e-13,2.645024831290033e-15,1.6104730341064952e-14,1.3959896904884837e-08,7.806016920681186e-10,2.848531791136015e-10,2.0961628931972247e-06,3.345164106189363e-05,3.053344556377844e-14,2.596729105175945e-08,0.00013081043538327994,1.56243206153966e-09,6.124289961134184e-05,2.4260759103825214e-06,1.3321572983898868e-09,0.002028997299063635,3.4255964650247374e-11,6.239253243838836e-07,8.629357980222661e-11,1.6900522473258989e-09,2.652731189396639e-05,2.1759301529583783e-11,0.0001908353946667023,6.671759490449575e-15,2.2391613107578414e-06,3.4172154366046873e-12,7.686777695846254e-07,2.3359643360402924e-05,0.0001751549860535548,4.292930244335777e-12,6.408556261029053e-11,0.001113046413613717,1.1022246755601432e-07,6.019220374000334e-11,1.774006229616416e-07,1.7143695259025458e-12,1.4480160616023315e-05,7.307796409381074e-08,6.997561484956377e-05,9.046371064956311e-05,3.627784825872655e-06,2.864472431574059e-05,4.035762570943674e-08,1.2808956591347345e-06,1.130917380443027e-05,1.0052290093895719e-06,4.89295531942847e-12,1.275585026713793e-13,7.082119259782183e-13,4.0746899423995425e-09,1.868588128523623e-05,1.1808111871571791e-11,1.7878175119049336e-07,1.3131918836884113e-15,6.968396413882676e-10,9.767478141808255e-10,1.5421351113611203e-09,4.995299673985408e-10,3.251942478015296e-12,8.128341417528458e-13
0.028117187499999998,1.0717911997394807,1140.694973790706,0.2960955582493365,0.6902035588649912,0.0,0.020601181214463027,1.0016149266746343e-05,0.025576057334965683,0.13228971652979873,0.0522836844637733,9.812811924429874e-15,1.6959210151587945e-11,1.12070177636453e-06,3.400208544021446e-06,0.0014946420318732927,3.614163987236679e-83,2.356126085519754e-24,0.00011386809861178227,3.594965738754447e-05,0.023033445613692898,0.025428929929498894,1.5392773633772358e-06,6.224397658545086e-09,0.00022432033290410057,0.00022166666076058657,7.032373170021663e-07,8.7008694158477e-10,0.001129078360667633,1.6993644079683603e-10,2.4679416394883345e-09,9.21995444069871e-05,4.527021297542684e-07,0.00024670247185267066,1.780049052455599e-07,0.0014021893561811168,0.00025533212788489634,1.3360045562363011e-05,9.103486990157302e-08,1.801334281832226e-09,1.2168608604074369e-06,6.6534360650097675e-06,3.598619253609823e-10,0.00275660723858752,8.253787158138608e-05,0.0014209930816824568,0.0013798088685728809,0.0001453410566077601,1.20916035241299e-08,0.003925976661820957,0.00022772907536383277,4.796116640536739e-06,0.0009831824592135786,0.0019497553303338803,0.006693173881657425,5.930426096802838e-06,4.137153331935862e-06,3.0911121753030355e-06,4.66558111894408e-12,9.695958443530245e-09,2.082913778445977e-15,4.0912495229186675e-15,8.794659276836091e-16,0.0010090325232003266,1.7327819426955815e-10,7.116516624492596e-09,1.4194439204004205e-09,6.352132162312762e-06,2.507154306099945e-14,0.00010994820089510474,2.0862241748084444e-08,2.2264458152297199e-10,6.879890758087263e-09,5.439818657265232e-11,3.641559380514279e-12,1.3199892075941788e-10,7.091816824359893e-10,1.4296825581288016e-13,4.1194528544636665e-07,2.6832734092491083e-09,2.075405623683084e-05,0.00036417403591349536,1.9092429853923743e-06,4.047900561000574e-06,3.7273268082221454e-10,4.335017686901834e-09,1.7584894314991415e-11,2.1277027788249537e-08,2.744858873874433e-10,1.869602082688638e-13,3.3855425677495945e-15,1.3240133075344381e-14,1.2295072697297343e-08,8.410336208375623e-10,2.7361423013684093e-10,1.7804330879420923e-06,2.4465539276322207e-05,4.6609801323336624e-14,2.2351322709360503e-08,0.0001496932932536528,1.4082369618672785e-09,6.358110788532935e-05,2.344970792779885e-06,1.3178445909609953e-09,0.0021273103422775413,2.1121839436564778e-11,6.826289504700733e-07,9.515031074660375e-11,1.029628515897758e-09,2.6014086264453004e-05,1.2525284734322801e-11,0.0002045396222362342,1.7131996664123334e-14,1.5662776675487689e-06,3.4459320469239673e-12,6.898269682008141e-07,2.4668927731610885e-05,0.0001740516624557111,4.5479883619093476e-12,7.310436740454697e-11,0.0011707033109742118,9.010265969211294e-08,8.204809908700024e-11,1.8444458020312696e-07,3.1270750788954177e-12,1.2789712054610054e-05,5.320110960108623e-08,7.937332868614886e-05,9.60330545216217e-05,3.944254753977846e-06,3.029149920860105e-05,3.295511325812557e-08,1.4691974504877092e-06,1.1320385138528437e-05,1.086730644849171e-06,3.3034771822165587e-12,9.384157187535135e-14,4.719071536762629e-13,3.3120240766047953e-09,1.9950013916553518e-05,1.5879038068460144e-11,1.972231085774835e-07,1.0332173560651067e-15,9.099493152156795e-10,8.283157653192894e-10,1.6351421785253599e-09,4.86090177894623e-10,2.984832111756855e-12,1.3139613510789222e-12
0.028124999999999997,1.098422600035151,1167.9010688957567,0.28891668252586183,0.6904096438876387,0.0,0.018965273107783027,1.2531362058834877e-05,0.024633095592460803,0.12925806801853224,0.053932292075167615,2.424608838517099e-14,3.129927412969605e-11,1.4717433467600437e-06,4.209353358568129e-06,0.0015116726559914753,3.614998413354108e-83,2.3578560014351363e-24,0.00011746930485720367,3.545353655591116e-05,0.023938921233855034,0.02673110057398391,1.866976116699431e-06,9.144905718514974e-09,0.0002596156660025026,0.00023470673185581808,9.514212154295159e-07,1.5545583039736623e-09,0.001183336940951186,3.175859890822688e-10,3.6066899802723236e-09,9.657947224882651e-05,4.434602410454536e-07,0.00025582417314869746,2.512343889247532e-07,0.0014590927833541586,0.0002460882527535084,1.4549285107540423e-05,1.1887191520695354e-07,1.9976706684223007e-09,1.3372768918678662e-06,7.195215583508127e-06,4.5314556387347247e-10,0.0028520772215000346,8.705652902333533e-05,0.001471746937659618,0.0014711104361911996,0.00016493610541144004,1.3291232523990424e-08,0.004167861671859073,0.00024119792920292268,6.698564956281147e-06,0.001033451812308401,0.0021996609161358876,0.007024301879411089,5.04039600020212e-06,4.475230738325384e-06,4.136926799612016e-06,8.534993077571783e-12,1.1870377773591612e-08,4.1350715587012116e-15,4.657282644810341e-15,1.0035399065296454e-15,0.0010313448984958264,1.7662026834722732e-10,6.664667503259711e-09,1.5426485057679591e-09,7.824417887271282e-06,3.2681760733810945e-14,0.00010742749236548053,1.8775180817732955e-08,3.654255660633971e-10,6.364887075265237e-09,5.990930786079313e-11,4.737826824405853e-12,1.4056654652849006e-10,9.953403519687611e-10,1.6969868594946544e-13,3.0809150173864655e-07,2.0980853146373802e-09,2.2137916448182945e-05,0.00036926958509432616,1.4615663437334716e-06,3.2120458164746956e-06,4.118827549349404e-10,4.754047740710225e-09,2.9248066226449653e-11,1.9073025595482267e-08,3.007186053280826e-10,2.238362322542941e-13,4.197938894814788e-15,1.0701319729266334e-14,1.073046290840738e-08,9.170834402603572e-10,2.594792391587975e-10,1.465751873376378e-06,1.781003464192068e-05,7.015007685944873e-14,1.8427424492326756e-08,0.00017074482129049952,1.2735145826750978e-09,6.550306053124243e-05,2.2437197506763034e-06,1.2844913979621794e-09,0.0022112462100337383,1.2917128351580517e-11,7.443987599795268e-07,1.0468845709738424e-10,6.149412813528594e-10,2.5304541470881804e-05,7.291830259310876e-12,0.00021775692731863238,4.235779223768923e-14,1.114689704381654e-06,3.5174075952783564e-12,6.25807870660921e-07,2.585268887694401e-05,0.0001695856364960148,4.815062362855637e-12,8.312668420101819e-11,0.0012259537214868413,7.422520041054627e-08,1.1025794353667451e-10,1.908600104945431e-07,5.671503469993129e-12,1.0593256278450701e-05,3.888935760983011e-08,8.971198654865989e-05,0.00010157894480745247,4.279716280668543e-06,3.197627299987166e-05,2.7106933177247905e-08,1.6470723940915739e-06,1.1262023983366818e-05,1.1679724826587204e-06,2.152554950191547e-12,6.639779057688432e-14,3.036068853396223e-13,2.710784765081687e-09,2.1241119600960265e-05,2.117270194896676e-11,2.150658101530955e-07,7.801248898395067e-16,1.1792280247645503e-09,7.055472433818571e-10,1.726889041410729e-09,4.744503010836966e-10,2.7437405543525615e-12,2.08757229246961e-12
0.028132812499999996,1.125378610536396,1195.3541447728974,0.281996308302257,0.6906445825053419,0.0,0.01730912430290113,1.568236926318477e-05,0.023673706196171547,0.1261642805814747,0.055603525839986026,5.902605047033882e-14,5.7249716342867405e-11,1.9189971273388602e-06,5.163018815756404e-06,0.001528621449269714,3.618016687104303e-83,2.35969217598847e-24,0.00012061407785762796,3.4643550493441264e-05,0.024862830114126117,0.02808012806665751,2.2566891401391e-06,1.3417528907283999e-08,0.000299527301816871,0.0002480563587690781,1.2686261249110436e-06,2.713018075480323e-09,0.0012393067827879479,5.838955633003508e-10,5.2663144474347425e-09,0.00010104571391677519,4.3496977455408063e-07,0.000263002924152509,3.5161967417796544e-07,0.0015141948862534744,0.0002340974776382358,1.5484082776085102e-05,1.5545157293559804e-07,2.222686043694932e-09,1.4430781216881735e-06,7.758449503928323e-06,5.82635796023334e-10,0.002948685527924206,9.166575199052375e-05,0.001514980308484565,0.0015677873108655227,0.00018492172119857073,1.499687361319291e-08,0.004417815739519774,0.0002550546083407336,9.307606478026085e-06,0.0010818078175340742,0.002485583231014705,0.0073375419257767005,4.347547772216049e-06,4.834948972666139e-06,5.3808536272922425e-06,1.5917898469309554e-11,1.441421843240363e-08,7.905428167393276e-15,5.1603328197676894e-15,1.1132609004976e-15,0.0010368463400378055,1.789695599389384e-10,6.222236501882065e-09,1.6775710090299992e-09,9.545596250828876e-06,4.178215901811693e-14,0.00010374568054093263,1.6636150382155556e-08,5.819580594582874e-10,5.597594508970517e-09,6.390466404745477e-11,6.108152537614139e-12,1.494453695581009e-10,1.395216260003125e-09,2.0248415995123892e-13,2.280065014652691e-07,1.6284771410306234e-09,2.3554829370309855e-05,0.0003710728694649051,1.1221921303821153e-06,2.588633879891708e-06,4.56608482964181e-10,5.1518122766680475e-09,4.762291552763613e-11,1.7258224914388316e-08,3.296478296596451e-10,2.5939685834809646e-13,5.022533166839656e-15,8.466390085494359e-15,9.30304468412238e-09,1.011634353339245e-09,2.4360601224188994e-10,1.1808406426170523e-06,1.299131823135703e-05,1.0406479707428349e-13,1.4662661153557319e-08,0.00019386952122965226,1.1550704297444823e-09,6.691891709448961e-05,2.116581184108494e-06,1.2289395830743939e-09,0.0022760187950400506,7.88120932083692e-12,8.088913018499967e-07,1.1491345079038248e-10,3.6339027513681165e-10,2.4393938374332344e-05,4.298435844242186e-12,0.00023027675093445754,1.0089245155297716e-13,8.052913111123962e-07,3.6273257886053258e-12,5.7376348543802e-07,2.686697957155644e-05,0.00016179782678414626,5.090305605813327e-12,9.41719301030995e-11,0.00127792489133855,6.151748960938231e-08,1.4618149516416198e-10,1.9667955661641556e-07,1.012214462278352e-11,8.077840642625713e-06,2.8514873438610624e-08,0.00010097855462733606,0.00010703895644997151,4.633060514672463e-06,3.367504094435916e-05,2.243999748442228e-08,1.805832124686779e-06,1.1130795251238568e-05,1.2470689278136325e-06,1.3636821098338875e-12,4.5520763720467434e-14,1.8998217550410038e-13,2.2324803146743137e-09,2.2556427937374714e-05,2.7985211115170353e-11,2.317614940237535e-07,5.69494411297467e-16,1.5158794609684962e-09,6.035732454671833e-10,1.8147623625669875e-09,4.6407962445297543e-10,2.5257890922473375e-12,3.259989850593614e-12
0.028140624999999996,1.1526236867322242,1223.017108470235,0.27533063676082037,0.6909069777675448,0.0,0.015651375431567225,1.9615630178179894e-05,0.02269868011371673,0.12300952581253279,0.05729632385698485,1.4154086387108283e-13,1.0380259218139179e-10,2.483151495317345e-06,6.277860712028205e-06,0.001545443745345347,3.623278841595616e-83,2.361626929572339e-24,0.00012324562767853232,3.351777071865754e-05,0.025804241812297485,0.029476733781056204,2.7158948341260044e-06,1.964146413778055e-08,0.0003442348082294972,0.00026163821901472245,1.6673426689664105e-06,4.625783445258347e-09,0.0012968903614865193,1.0534793755458978e-09,7.669282145241187e-09,0.00010556993973003774,4.2678846919127934e-07,0.00026770089826044904,4.870351059062764e-07,0.0015662904136095656,0.00021969848872091928,1.6106410373390236e-05,2.0341872510314928e-07,2.479004208980117e-09,1.5313816222806209e-06,8.340215200018951e-06,7.548363052458833e-10,0.003046215805731365,9.632627052410434e-05,0.0015487911061529687,0.0016700652475393784,0.00020504204190903872,1.7124039621299687e-08,0.004675389520928714,0.00026925127785543167,1.28413340788515e-05,0.0011270420577279248,0.0028119520498657946,0.007625178410309679,3.802018592876821e-06,5.21692015139211e-06,6.779985481102805e-06,3.0064835196416696e-11,1.7322198507553582e-08,1.455188232935534e-14,5.558071635957305e-15,1.1993254299443212e-15,0.0010232286578543634,1.8007806482711644e-10,5.7843805844478965e-09,1.8245490901688296e-09,1.1535043304768009e-05,5.2347742510704e-14,9.889437536047833e-05,1.4461572978588938e-08,8.989943945509884e-10,4.63652301827868e-09,6.576672521342586e-11,7.808222257646419e-12,1.5856008809389388e-10,1.9512704448944917e-09,2.4251082373110985e-13,1.6689640893687126e-07,1.2518317113146658e-09,2.499475821771785e-05,0.0003692106914563652,8.630543714354545e-07,2.1115892863494444e-06,5.075388624556855e-10,5.521331220029119e-09,7.588654592929535e-11,1.580824042178797e-08,3.611585626086317e-10,2.8960186052058e-13,5.775817113906025e-15,6.528884145484101e-15,8.008505647142607e-09,1.118759492978157e-09,2.2636355391894352e-10,9.373265530554969e-07,9.526157557320167e-06,1.521155327544662e-13,1.1345602689113627e-08,0.00021880758089441328,1.0493225214061402e-09,6.773457532404993e-05,1.960918799726416e-06,1.150046758937425e-09,0.0023166531677242283,4.809009124707358e-12,8.756538270325939e-07,1.2581381023720825e-10,2.138571843537985e-10,2.3277141484115365e-05,2.561582766672401e-12,0.0002419227320024426,2.316781989978627e-13,5.895045177824321e-07,3.772800018088607e-12,5.305384327737126e-07,2.7666259477386923e-05,0.00015081436976209156,5.368639328773387e-12,1.0621049017009591e-10,0.0013257782488183074,5.120522744255837e-08,1.9135905940238054e-10,2.0196214031919632e-07,1.7643164356933582e-11,5.529360718998803e-06,2.0947126030634233e-08,0.00011308600076882213,0.00011234694714781128,5.001932455926743e-06,3.535661986092542e-05,1.8673084807060048e-08,1.9374992111336176e-06,1.0916016219651526e-05,1.3221357989913528e-06,8.460938420113309e-13,3.046248826811588e-14,1.164727033270896e-13,1.8480048407426004e-09,2.3892076736826157e-05,3.666151995838933e-11,2.467930715356979e-07,4.0493843642484926e-16,1.9319347950659076e-09,5.184899108560273e-10,1.8959092714990446e-09,4.543560707791959e-10,2.328316391752857e-12,5.0041758313611455e-12
0.028148437499999998,1.1801174618422157,1250.8502499187766,0.26891612392395725,0.6911945773564858,0.0,0.014011993694814293,2.4509125125812796e-05,0.021709058669671814,0.11979516353587098,0.059009338698609276,3.3423172695244893e-13,1.8659236977082197e-10,3.1875838033732967e-06,7.575111961063772e-06,0.0015620799575778496,3.6307180328164886e-83,2.363649064804477e-24,0.0001253216495283935,3.20871016378413e-05,0.0267619775249591,0.03092150880594136,3.251406576480048e-06,2.866232545709213e-08,0.0003937928585012566,0.0002753673962360397,2.1605086000104835e-06,7.710205618262838e-09,0.0013559100980314967,1.8608599674023722e-09,1.1121272275873562e-08,0.0001101156217045522,4.1856297757463934e-07,0.0002694425325564053,6.662988070154803e-07,0.0016139535618109205,0.0002033847781601304,1.6383673288329348e-05,2.660772077065313e-07,2.7690896045785455e-09,1.6006283346296384e-06,8.937893517854489e-06,9.768267216517224e-10,0.0031444140199959267,0.00010098463171733049,0.0015712227980998125,0.0017781078740641892,0.00022489953558380924,1.959166018831641e-08,0.004939986658684531,0.0002837279077336939,1.755178156498735e-05,0.0011676188151963876,0.003182834325217597,0.007878994789527064,3.3674107478486663e-06,5.6214308032178875e-06,8.252469154770209e-06,5.691220115371622e-11,2.0560404597682306e-08,2.57861742302305e-14,5.8097675143854444e-15,1.2533618286730628e-15,0.0009893210011928633,1.796772196329149e-10,5.346887243727583e-09,1.9833291479325784e-09,1.3808482549684812e-05,6.422108964638378e-14,9.29040834046924e-05,1.2294178622686879e-08,1.3466820207276988e-09,3.5813006026011656e-09,6.507010960253968e-11,9.901536147384916e-12,1.677757593350104e-10,2.7200744589360974e-09,2.9116964495276914e-13,1.2083597511350337e-07,9.509153929727492e-10,2.6445325004177323e-05,0.0003634056475432494,6.632823125355232e-07,1.738622369514218e-06,5.651991100588003e-10,5.859728716704069e-09,1.182844658163707e-10,1.4656011175328327e-08,3.948532453365462e-10,3.1021059467400455e-13,6.361988007999606e-15,4.888557535566375e-15,6.826323867814673e-09,1.2238038757199954e-09,2.0766247433513375e-10,7.358243364876132e-07,7.026024972952206e-06,2.1902859030654217e-13,8.575186941306213e-09,0.00024510312882034744,9.533015744828085e-10,6.78496019747056e-05,1.7780691055000643e-06,1.0493479405776345e-09,0.0023283612586501696,2.933918026793647e-12,9.441270562909926e-07,1.3734634614491844e-10,1.2576221757014457e-10,2.1951152127183613e-05,1.539086158282041e-12,0.00025255700899628363,5.132854022122908e-13,4.3653537805578313e-07,3.9519687993720325e-12,4.933165241431764e-07,2.8205339645246066e-05,0.00013685878763317245,5.6430238467792625e-12,1.1914064864999044e-10,0.0013687721888955618,4.272722470095916e-08,2.475067269690943e-10,2.067755960153449e-07,2.987100940972088e-11,3.2874031636394614e-06,1.5393970601245836e-08,0.00012583838570780296,0.00011743474769046991,5.3821149642337525e-06,3.698237276290056e-05,1.559370297973467e-08,2.034587642521744e-06,1.060125922883907e-05,1.3914359795406574e-06,5.162913131038505e-13,1.998377086380142e-14,7.025288072270966e-14,1.53530741364822e-09,2.5242544315777462e-05,4.7597040255553863e-11,2.597149547335722e-07,2.8166837781396733e-16,2.4394987568654913e-09,4.4715751813653253e-10,1.9667159343194737e-09,4.4453996212466063e-10,2.1488597089559572e-12,7.551010735670522e-12
0.028156249999999997,1.207814670954761,1278.8114340312027,0.2627494277435173,0.691504274422824,0.0,0.01241137026681106,3.057881550691116e-05,0.020706188851430694,0.11652280404368386,0.060740893297813736,7.769084543235595e-13,3.3249348428237023e-10,4.058338035660712e-06,9.083864909080939e-06,0.001578453534408463,3.640150894867536e-83,2.3657438367270375e-24,0.00012681733943216227,3.0375960685117845e-05,0.027734577779549276,0.032414870410624075,3.869034093439714e-06,4.165964501811803e-08,0.00044809697837956794,0.0002891549893115462,2.761110974910055e-06,1.2574414276533047e-08,0.0014160778736984272,3.211273297348522e-09,1.6035226969036754e-08,0.00011463748223549502,4.100317459511645e-07,0.0002678832546260494,8.985624346280496e-07,0.001655583353630739,0.000185766803370212,1.631257719137959e-05,3.4746512458068584e-07,3.0951041093817872e-09,1.6503925131439015e-06,9.549356332847409e-06,1.2565366051651832e-09,0.0032429876776378336,0.00010557096245469306,0.0015803565895832988,0.0018919874512381208,0.00024400337331705936,2.231859018306455e-08,0.005210840326658131,0.0002984115642767601,2.3710939122525888e-05,0.0012016534097036933,0.003601472538877044,0.008090702532767969,3.0166917668335976e-06,6.0482474038790636e-06,9.681938068267147e-06,1.067269161426683e-10,2.4060045593218307e-08,4.3979584831519365e-14,5.88202015502146e-15,1.2691785379889347e-15,0.0009354377362685835,1.7749739931748592e-10,4.906578394316642e-09,2.1528578914431645e-09,1.637674878450224e-05,7.708501476477073e-14,8.58545763838693e-05,1.0195379931999255e-08,1.955624641300519e-09,2.5547844217461977e-09,6.171318884112232e-11,1.2454126060552159e-11,1.7688351923744975e-10,3.775853301063361e-09,3.500502003679559e-13,8.657869205024292e-08,7.122653295399738e-10,2.7891637112348025e-05,0.00035351809673828225,5.081563884072246e-07,1.4419437916514575e-06,6.299166125404099e-10,6.167122698930742e-09,1.8021704925625186e-10,1.3716132066470357e-08,4.299475907435631e-10,3.1774964048853674e-13,6.692677418255095e-15,3.5423892036403475e-15,5.738796843791468e-09,1.3072749029706828e-09,1.8738282626436374e-10,5.734431236756975e-07,5.208257347968491e-06,3.1055777499822297e-13,6.334308997450598e-09,0.0002720942860881264,8.643926130124297e-10,6.71584835883662e-05,1.5735555109616238e-06,9.312137826999265e-10,0.0023070345728612735,1.786776891305066e-12,1.013653915584681e-06,1.494282777509446e-10,7.415639714144066e-11,2.0418240536736786e-05,9.29793094301258e-13,0.0002620836339337464,1.0981522422918815e-12,3.264184063717601e-07,4.163354198308137e-12,4.598309157530966e-07,2.8441700287774303e-05,0.00012029813089825193,5.903898351571503e-12,1.3276083034400502e-10,0.0014063276186564698,3.567663415774105e-08,3.164906773584306e-10,2.1117846483462323e-07,4.892906895834709e-11,1.6327376814186944e-06,1.129663273776805e-08,0.0001388932835436071,0.0001222343893128849,5.766742996245255e-06,3.850640814141971e-05,1.3041415124378461e-08,2.0899478136781166e-06,1.0167964015193289e-05,1.4535137102397217e-06,3.0993385303570435e-13,1.285597140652887e-14,4.1701820340280777e-14,1.2776963987552894e-09,2.6600099363047998e-05,6.12364224676334e-11,2.7018441047636165e-07,1.9174101637925101e-16,3.04941925904107e-09,3.870454643697779e-10,2.0224647624364346e-09,4.3377205162107214e-10,1.985149283601414e-12,1.120050943458656e-11
0.028164062499999996,1.2356651436715729,1306.8562593877782,0.25682735750773644,0.6918321586408025,0.0,0.010869334930219555,3.808528956401672e-05,0.01969178067422554,0.1131943938024296,0.062488938630502346,1.7764766105719932e-12,5.870449668588397e-10,5.124042623709365e-06,1.0844411319666374e-05,0.001594469398371506,3.651271424392235e-83,2.3678931104295683e-24,0.000127726922903828,2.8421823890708557e-05,0.02872027266196466,0.03395701065211662,4.573385317101254e-06,6.02542436155392e-08,0.0005068473055061132,0.00030291133053079674,3.4816537795385865e-06,2.0086050352614338e-08,0.0014769600260242132,5.404136070606211e-09,2.2958114864503865e-08,0.00011908107167245574,4.0102251444369946e-07,0.00026287207551812413,1.192356853767532e-06,0.001689479552287243,0.00016751344185774773,1.5918112550604503e-05,4.5239145422322116e-07,3.4587044122773627e-09,1.681028621453201e-06,1.0172930988862849e-05,1.6031856706281447e-09,0.0033416047381633535,0.00010999738683815729,0.0015744328681251115,0.002011645358785984,0.00026182751694078896,2.522055740423837e-08,0.0054869904460207375,0.00031321633092868973,3.1584659336520434e-05,0.001226937581666011,0.004069753752511632,0.008252484184469002,2.7294607245214366e-06,6.496370523799143e-06,1.0933270914228783e-05,1.9613996324282783e-10,2.7713191271127636e-08,7.218201057687533e-14,5.755954777177324e-15,1.2438247226210504e-15,0.0008635518573878543,1.7329746699408375e-10,4.461773878327005e-09,2.331103066613011e-09,1.924456013407917e-05,9.044817071986667e-14,7.78836608476231e-05,8.233136691760466e-09,2.7522038656378462e-09,1.6706957151701364e-09,5.598018796250218e-11,1.5520842358549708e-11,1.8559649916400865e-10,5.2140568705367434e-09,4.2089759055139963e-13,6.144485048806667e-08,5.250397161865579e-10,2.9316186820461826e-05,0.0003395839323763588,3.872505076041066e-07,1.2026212153594383e-06,7.017090941010089e-10,6.443482347995407e-09,2.6814125658176467e-10,1.2899916851789553e-08,4.6517867194191124e-10,3.104714053480841e-13,6.709551210348379e-15,2.477855648371916e-15,4.73912509276315e-09,1.350545872240484e-09,1.656708852650529e-10,4.4822840118889174e-07,3.875880000884474e-06,4.3345166874511274e-13,4.564614391696159e-09,0.0002989291635288285,7.803811154953527e-10,6.556016981997806e-05,1.3563835790428462e-06,8.023321343265622e-10,0.0022498129384073717,1.0840607842496293e-12,1.083493296999773e-06,1.6193559229454488e-10,4.4281357645126796e-11,1.868946670759525e-05,5.633730954532568e-13,0.00027044850470800484,2.27094211793002e-12,2.459774922830095e-07,4.405159025275229e-12,4.283604710803008e-07,2.8338180271692073e-05,0.0001017106545199007,6.1387619955071e-12,1.4673873597679e-10,0.0014380854097288116,2.975837238994303e-08,4.0027097876907406e-10,2.1520464349739768e-07,7.730695241854277e-11,6.534007861999888e-07,8.259315435902096e-09,0.00015172987877025263,0.0001266810798547465,6.145415473066539e-06,3.9876397786362507e-05,1.0895859005807794e-08,2.09707611983904e-06,9.600265131106126e-06,1.5073285517744347e-06,1.8265786016862421e-13,8.094264589012416e-15,2.431028361140835e-14,1.0626091758612529e-09,2.7954370327670104e-05,7.806758256526648e-11,2.7797971783596237e-07,1.2748778286125866e-16,3.7691796069686905e-09,3.361119892551894e-10,2.057416318693958e-09,4.211046044410402e-10,1.835113840730545e-12,1.6331430750412977e-11
0.028171875,1.2636137834545293,1334.9381410070043,0.25114684389243824,0.6921735865907163,0.0,0.009404185927248624,4.733998061263991e-05,0.018667961792855136,0.10981232244776387,0.06425101180157058,3.991991020954464e-12,1.0260642776365265e-09,6.41575169529595e-06,1.2910726827499694e-05,0.0016100130317994077,3.663588944259267e-83,2.3700755963880618e-24,0.0001280630684306206,2.627358849737573e-05,0.029716953971341723,0.03554783513942941,5.367843728537048e-06,8.663179869750323e-08,0.0005695135634715944,0.00031654756833839537,4.3334240180022975e-06,3.1454013394368276e-08,0.001537940619127414,8.855682939674014e-09,3.259797966187775e-08,0.00012338243527988983,3.9144499669814714e-07,0.0002544923665840259,1.5543451296851641e-06,0.0017139428273637376,0.00014928243645908593,1.5248069809576287e-05,5.864071935382385e-07,3.8607750976180045e-09,1.6933048895601757e-06,1.0807070338526855e-05,2.028011637765127e-09,0.003439890746548655,0.00011415739785722489,0.001551996390843757,0.002136842981144672,0.00027784990255263624,2.8207549011954416e-08,0.005767261920261083,0.0003280440376368761,4.139311399226842e-05,0.001241041775095672,0.004587675266506907,0.008357599381423277,2.490279528164185e-06,6.963755170317066e-06,1.187687100272861e-05,3.500876263781139e-10,3.137172140676841e-08,1.1397843336466286e-13,5.4340661410689786e-15,1.178225489333707e-15,0.0007772213038027393,1.6690226239966554e-10,4.01271911031336e-09,2.5149478314825276e-09,2.240935848429727e-05,1.0365015834500451e-13,6.919218353085693e-05,6.46832218838991e-09,3.75228213268456e-09,9.994299368163293e-10,4.8498788054592685e-11,1.912054622907316e-11,1.9356402683202222e-10,7.154306221062175e-09,5.055228208547883e-13,4.324781973733705e-08,3.802264235726325e-10,3.0698848636816164e-05,0.0003218406930132265,2.9297019123102947e-07,1.0073030277921979e-06,7.801658072026674e-10,6.684139261648776e-09,3.891651236924193e-10,1.2126505798718207e-08,4.987599518912114e-10,2.8892449962210005e-13,6.4013932223203845e-15,1.6701323884406243e-15,3.8307444778989146e-09,1.3411199720540515e-09,1.4303175060317947e-10,3.573949512989753e-07,2.8925673488505263e-06,5.953151500892676e-13,3.2020761737795738e-09,0.00032459989676208886,6.995335626001085e-10,6.29787709245447e-05,1.137483122430137e-06,6.705858072713416e-10,0.0021556538600871534,6.539532763173335e-13,1.1528377325035466e-06,1.7469279894054612e-10,2.7224115394198086e-11,1.6788210651234563e-05,3.415801607468943e-13,0.0002776304065199397,4.543679737248692e-12,1.8640243746049423e-07,4.674590416197352e-12,3.9766668138051983e-07,2.7866077206368134e-05,8.19476224010618e-05,6.332587849146253e-12,1.6059650562784532e-10,0.001463943753941069,2.475691424807053e-08,5.008070595251277e-10,2.1885339863529578e-07,1.1753511245081445e-10,2.0950754611377282e-07,6.000939605758488e-09,0.0001636355288033582,0.00013071698181996126,6.503377081627852e-06,4.103515396622721e-05,9.068055783984331e-09,2.051017429164851e-06,8.890195377007912e-06,1.5523657846011163e-06,1.05429847756922e-13,4.976090506090879e-15,1.3884384704135937e-14,8.807113740921105e-10,2.9292134195647447e-05,9.860834499777128e-11,2.830033351097919e-07,8.260588438865183e-17,4.599883158461813e-09,2.9270999838493204e-10,2.0654357614668774e-09,4.0557312746192286e-10,1.6968934295823813e-12,2.340710857404723e-11
0.028179687499999998,1.2916004668784784,1363.0082544878,0.2457049387575406,0.6925232595276923,0.0,0.008031841752916378,5.871023758829467e-05,0.01763732417751467,0.10637955249831117,0.06602419511501247,8.804672774517292e-12,1.7731498567338414e-09,7.966671625608896e-06,1.5351357936386377e-05,0.0016249504011073108,3.67654293304437e-83,2.372267129893696e-24,0.00012785381611023943,2.3988852356469596e-05,0.030722148848689707,0.03718689113512541,6.254694762073393e-06,1.2367308909929127e-07,0.0006353056925271025,0.0003299744273196887,5.325508027912814e-06,4.8313356938200346e-08,0.001598187684501794,1.4115196791524313e-08,4.5847044689077265e-08,0.0001274678722622011,3.8127873529596327e-07,0.00024306871186258384,1.987930148123247e-06,0.0017273879706571859,0.0001316534008614566,1.43645095637085e-05,7.556798677919655e-07,4.3011061323065354e-09,1.688149306373132e-06,1.1449718911344502e-05,2.5452299071422934e-09,0.0035374231684846247,0.0001179263802872536,0.0015120557565689535,0.002267105895205707,0.00029155934956972944,3.118038748014721e-08,0.006050245921810551,0.000342785957314154,5.325961501512977e-05,0.001241514704939988,0.005152898523280818,0.00840098147513283,2.287213178557749e-06,7.447035399912556e-06,1.241427890040777e-05,6.026519802189918e-10,3.4850639680241426e-08,1.7310332545002035e-13,4.9428528435710255e-15,1.0772306731965889e-15,0.000681240855509817,1.5824284043059132e-10,3.561862021618919e-09,2.7002030272311443e-09,2.5860278029026603e-05,1.158912369078215e-13,6.004254009677474e-05,4.943549083630542e-09,4.953870132859164e-09,5.50957483189724e-10,4.010140170848949e-11,2.3201366663987944e-11,2.0041151638688062e-10,9.741759198735122e-09,6.056605917379757e-13,3.0234541873502424e-08,2.701293032001701e-10,3.201700078469305e-05,0.00030073507787613035,2.1961702605362358e-07,8.463086879152528e-07,8.643392072591034e-10,6.875582251226008e-09,5.502173956480159e-10,1.1331992676494536e-08,5.284246571278053e-10,2.558770186816652e-13,5.808390275459907e-15,1.0835877661713067e-15,3.0223933573862722e-09,1.2757906312620302e-09,1.2025613837077225e-10,2.9287458856025726e-07,2.1628507949791537e-06,8.042339621515143e-13,2.183914290543675e-09,0.0003479908746426256,6.206930100776119e-10,5.939257766359455e-05,9.277253733196077e-07,5.43655271145292e-10,0.0020257994488666435,3.9149315906860464e-13,1.2208345227219614e-06,1.874474061431883e-10,1.7355498665546682e-11,1.4753036552459289e-05,2.067802563394895e-13,0.0002836250556405988,8.803760292860059e-12,1.4171421873864578e-07,4.96728695303123e-12,3.669369098985695e-07,2.7008684086683445e-05,6.21513837299477e-05,6.4679647147526565e-12,1.736910572241915e-10,0.0014840659946033403,2.051249767750407e-08,6.19920301449221e-10,2.22085593889822e-07,1.716166728721271e-10,5.886197205955826e-08,4.321132350165128e-09,0.00017372617269936967,0.00013429557978783129,6.821073624325697e-06,4.19230860368027e-05,7.493888763654807e-09,1.9497045289280403e-06,8.042398321545374e-06,1.5886805906324825e-06,5.950946862178327e-14,2.9827136417697286e-15,7.757178053629298e-15,7.252174333708877e-10,3.059739348848942e-05,1.2338248146517577e-10,2.8527107441862824e-07,5.208765132999784e-17,5.5324159566012915e-09,2.5551236441339713e-10,2.0411354047089846e-09,3.863101098431372e-10,1.5688544647589798e-12,3.2974709916878024e-11
0.028187499999999997,1.3195598873113485,1391.0152474715658,0.24049883348622036,0.6928753524006841,0.0,0.0067652341617814435,7.262269552668239e-05,0.016602958075848495,0.1028997770091271,0.06780508303945225,1.9033587787102743e-11,3.024972186448512e-09,9.811708941039686e-06,1.8248502599225756e-05,0.0016391290089976202,3.689396641497574e-83,2.3744411768059116e-24,0.0001271371324373925,2.1630349167960202e-05,0.03173299672157018,0.03887328815769121,7.235307045278338e-06,1.7507468933761617e-07,0.0007031559183234907,0.0003430974793642765,6.463569689759696e-06,7.279176338023191e-08,0.001656629093018447,2.1867522565345848e-08,6.379484872684384e-08,0.00013125388023750914,3.7055691462959046e-07,0.00022913625695063325,2.4919421771115147e-06,0.001728456811017402,0.00011507699011047685,1.3334191040369753e-05,9.667399812004165e-07,4.778037715539154e-09,1.6665600931600753e-06,1.2097437119210773e-05,3.173263608556885e-09,0.0036337230036825245,0.00012116341975373449,0.0014542442809784544,0.002401666883632974,0.0003024437066073743,3.402688199815399e-08,0.006334287278839596,0.0003573256096631206,6.715398109138005e-05,0.0012261775594968514,0.005760492464529219,0.0083797457806528,2.1111407587149117e-06,7.94131083219995e-06,1.2496745513549686e-05,9.952822780282828e-10,3.793689840022314e-08,2.5275801922707964e-13,4.328209633647322e-15,9.49049956222669e-16,0.0005810617446878958,1.473923862512385e-10,3.1138877159818073e-09,2.8817685238122952e-09,2.9577294739805294e-05,1.2628954449093403e-13,5.074799764549095e-05,3.67749861973711e-09,6.3299026345744835e-09,2.8552098843106655e-10,3.16409169838131e-11,2.7603677067599048e-11,2.058087842014272e-10,1.3145749001097981e-08,7.227784826914152e-13,2.10289717661939e-08,1.8806612720210496e-10,3.324579940023561e-05,0.00027690750090993626,1.6281305114601502e-07,7.124733643551774e-07,9.526698306703483e-10,6.993648872223563e-09,7.56733759663524e-10,1.047580023155102e-08,5.515919682485308e-10,2.1561364685966706e-13,5.011714886826429e-15,6.763912356781254e-16,2.3225748733728076e-09,1.1609206335930876e-09,9.82578829411182e-11,2.421301548804157e-07,1.6188048068964047e-06,1.0682277925296102e-12,1.4480371740452014e-09,0.00036795704407038284,5.433591147974935e-10,5.48618828179946e-05,7.36123030340556e-07,4.277867859418387e-10,0.0018640281633583178,2.3212443844997994e-13,1.286611024129338e-06,1.9986057037577952e-10,1.1258378543280424e-11,1.2638914117358094e-05,1.247025395594896e-13,0.00028843699341269,1.6533272786403428e-11,1.078194888080334e-07,5.276947074149155e-12,3.35743083550774e-07,2.5765150464178102e-05,4.368148838645591e-05,6.526840420014144e-12,1.8524072135374678e-10,0.0014988554348309014,1.6904928001662066e-08,7.591134466382702e-10,2.2482558235995821e-07,2.402533518563796e-10,1.81123159286458e-08,3.0757542027304317e-09,0.00018101408128485665,0.00013738611769340865,7.074498284845324e-06,4.248160294832253e-05,6.128878949803642e-09,1.7953735400071275e-06,7.0773889313494875e-06,1.6168518499808244e-06,3.28367090055863e-14,1.7427427955856609e-15,4.23812160063258e-15,5.913483357856011e-10,3.1851750102810815e-05,1.5288174467481549e-10,2.8489078323820254e-07,3.1955345916064516e-17,6.543277580309626e-09,2.2345170674308023e-10,1.9813399806636313e-09,3.626906345732772e-10,1.449601187079602e-12,4.565461710945366e-11
0.028195312499999996,1.3474214511911304,1418.9046638163552,0.23552587301697306,0.6932237513294673,0.0,0.005614013408356993,8.956456566552233e-05,0.015568467835040015,0.09937760330584722,0.0695897671875493,4.027574965634705e-11,5.0861951302434125e-09,1.1986756432597903e-05,2.16957135632762e-05,0.0016523803345043675,3.701444321949087e-83,2.3765697950952393e-24,0.00012595379805220943,1.9261888866456314e-05,0.03274623278911505,0.04060561743470726,8.310220441938585e-06,2.454370890684011e-07,0.0007717188164364818,0.0003558091548447779,7.748487323055432e-06,1.0752374420244621e-07,0.00171194616916989,3.2913699425379244e-08,8.772385917244301e-08,0.00013464748166290306,3.5934805466865605e-07,0.00021337909634311836,3.059650784675979e-06,0.001716118558292523,9.984955705488062e-05,1.2219995510337642e-05,1.226073228897002e-06,5.288101201826823e-09,1.6296492262866136e-06,1.2744405857244592e-05,3.936399105155825e-09,0.0037282454203123377,0.00012371462219122666,0.0013789652718762132,0.002539417063864031,0.00030998760591743673,3.662011399428671e-08,0.006617482712120001,0.0003715427085952496,8.284121502666393e-05,0.0011934784714188297,0.006402948180816311,0.00829354153212276,1.955129938827783e-06,8.440067398156907e-06,1.2131386237779447e-05,1.5707703239033695e-09,4.0404833108769704e-08,3.5464301858496305e-13,3.645340253180694e-15,8.041823259898786e-16,0.0004820933668078748,1.3459008952248035e-10,2.675459795330434e-09,3.0539470362715953e-09,3.353060788942345e-05,1.3396611172851876e-13,4.165125336847909e-05,2.665505555853552e-09,7.822872367411776e-09,1.4325176247190697e-10,2.3826876385286434e-11,3.2035588998975666e-11,2.0956043113330555e-10,1.7554532501750164e-08,8.578527828317567e-13,1.4575246236202162e-08,1.2821806389508712e-10,3.435863284073241e-05,0.0002511530625280913,1.1913459729940698e-07,6.004126786983734e-07,1.0429679982047802e-09,7.005859289825384e-09,1.0109304955139426e-09,9.542888667468051e-09,5.656644295020417e-10,1.7289631652618177e-13,4.112943825508113e-15,4.061432448900346e-16,1.7355138474006593e-09,1.0101365210525888e-09,7.789648755301367e-11,1.9434988359626145e-07,1.2115286476949643e-06,1.394438974225216e-12,9.343483044440322e-10,0.0003834418069147483,4.677158832972006e-10,4.954298957759982e-05,5.687068122809042e-07,3.27065071243269e-10,0.001676595719216135,1.3601207451939315e-13,1.3493055819012773e-06,2.115482610812594e-10,7.149308862459284e-12,1.051571189854888e-05,7.474817758976494e-14,0.0002920913800054604,3.0118808568553927e-11,8.188358744876726e-08,5.5952426456529856e-12,3.0400348993919185e-07,2.415425918309773e-05,2.789798147288316e-05,6.492556353661495e-12,1.943769311296931e-10,0.0015089008552413925,1.3842575300456495e-08,9.193520553869973e-10,2.269675265502678e-07,3.220143354581051e-10,6.91793624242336e-09,2.159309291920768e-09,0.00018452785803232434,0.00013997731066550898,7.2367632154495585e-06,4.2657417021704713e-05,4.943627839436323e-09,1.595563988858807e-06,6.032288508179793e-06,1.6378564391346533e-06,1.7726515868596182e-14,9.93399565221127e-16,2.2660723038397116e-15,4.758655971084148e-10,3.303500439919874e-05,1.875111721761035e-10,2.8203576426393254e-07,1.9090784769314937e-17,7.591131639714465e-09,1.956709153351053e-10,1.8864970713686845e-09,3.344851416706025e-10,1.3379778875559368e-12,6.211641128153823e-11
0.028203124999999996,1.3751093329119557,1446.6181529303724,0.23078355009165416,0.693562395192576,0.0,0.004584514051012522,0.0001100826279715607,0.014537962851165306,0.09581874364924665,0.07137384468384818,8.33610351149532e-11,8.415792684055683e-09,1.4527636554089992e-05,2.5795081181528072e-05,0.001664523677578321,3.711970493182314e-83,2.3786250493444504e-24,0.00012433985644597914,1.694422091404953e-05,0.033758179597109826,0.04238187595181112,9.478969738030094e-06,3.4029187724744047e-07,0.0008393947255299976,0.0003679787186426343,9.17502244284533e-06,1.5557236757426853e-07,0.0017625933909823377,4.812189886381683e-08,1.1907899588080029e-07,0.00013754719741674107,3.4773803293742134e-07,0.00019655169824194188,3.6782715432670494e-06,0.0016897488712555061,8.611533843882708e-05,1.1074891069915385e-05,1.5395425476110272e-06,5.825678539836591e-09,1.578733745307072e-06,1.3381470552284645e-05,4.867035470525156e-09,0.003820372651419107,0.00012541844610677785,0.0012874999821240144,0.0026788770079835666,0.00031369746503910693,3.882147912660212e-08,0.006897695197740116,0.0003853180621283864,9.984945131544186e-05,0.0011428430162390526,0.007070495143436004,0.008144705014142849,1.8140107645211806e-06,8.935302972423691e-06,1.1374779089928574e-05,2.3621396933081103e-09,4.203872911487888e-08,4.778339203667368e-13,2.948810593501476e-15,6.540269652874612e-16,0.0003890428934230024,1.2024524170800954e-10,2.254650814376834e-09,3.2108767589993944e-09,3.768031957340747e-05,1.3815351763910374e-13,3.309302880555848e-05,1.8848536354494448e-09,9.343555669975426e-09,7.145417700426712e-11,1.7128963763853454e-11,3.60795689572344e-11,2.1170023520380788e-10,2.3165230698759433e-08,1.011136665462228e-12,1.0081500084911207e-08,8.557234415165677e-11,3.532777544208403e-05,0.00022436245794748896,8.586962190888119e-08,5.060304278648017e-07,1.132470408214186e-09,6.878350943178294e-09,1.3099266169660007e-09,8.541399799233454e-09,5.684228137303326e-10,1.319732351239452e-13,3.211358499047116e-15,2.345809433927701e-16,1.2593602633312036e-09,8.406025056634226e-10,5.983960005266756e-11,1.4516222952627292e-07,9.055825074296546e-07,1.7881103388071664e-12,5.879268227044801e-10,0.00039360860626621344,3.945744899600521e-10,4.367947778590049e-05,4.2825073134932453e-07,2.432896336593589e-10,0.0014718175596063286,7.856567947248021e-14,1.408105107666064e-06,2.22159598393247e-10,4.2582622243863985e-12,8.463100943116052e-06,4.4430761544519584e-14,0.000294658217625297,5.3269957870637776e-11,6.191933167199173e-08,5.912065100053942e-12,2.719340012922229e-07,2.2217323909968506e-05,1.5805829107122085e-05,6.3524559181275155e-12,2.0023471626721607e-10,0.0015149029878967404,1.1253811879128341e-08,1.1008212940528937e-09,2.2838491162161507e-07,4.127116857249796e-10,2.86646625050481e-09,1.4926825994541353e-09,0.0001834741038983292,0.0001420794012008261,7.281157004623782e-06,4.240751653656155e-05,3.919563134677728e-09,1.363192647067175e-06,4.9581122437465745e-06,1.6529001548085137e-06,9.379486352423806e-15,5.534968100607754e-16,1.1879723450813495e-15,3.766452660039865e-10,3.4125832945100205e-05,2.2751701253012864e-10,2.7691868545095834e-07,1.1128100192156516e-17,8.615665147622245e-09,1.7148178787777335e-10,1.7615225179739625e-09,3.0198181187790133e-10,1.233057795441298e-12,8.303827508792101e-11
0.028210937499999998,1.4025427604835812,1474.092651631145,0.22626947466768713,0.693885658949879,0.0,0.003679838599037958,0.00013477983591953736,0.013516017653601421,0.09223018250540169,0.07315244899774138,1.6891986984520226e-10,1.3689150113400907e-08,1.746865618906703e-05,3.065482109241921e-05,0.0016753711740320166,3.720422887979453e-83,2.3805806426737162e-24,0.0001223201091956627,1.4731259329255381e-05,0.03476474633281693,0.04419939916459059,1.0739475671241978e-05,4.6604838391827226e-07,0.0009043781592502429,0.0003794422257032504,1.073072474209693e-05,2.2022950718578923e-07,0.0018068509255642828,6.834300423201349e-08,1.5940313387567282e-07,0.0001398449353409903,3.358146083577185e-07,0.00017939956072309516,4.3289299717439945e-06,0.001649183486702861,7.389065662669299e-05,9.939173372588983e-06,1.9116298114905387e-06,6.382691034514253e-09,1.515384761735998e-06,1.3995394273576377e-05,6.008688846395145e-09,0.003909413488564269,0.00012611388264219785,0.001182053420153637,0.002818201031096404,0.00031315071823964755,4.0489213885401585e-08,0.007172589039762703,0.0003985389948273618,0.00011747114655647585,0.001074940836182258,0.007751685305386019,0.007938203914254505,1.6840482446643353e-06,9.417905725997847e-06,1.0318310963616153e-05,3.377529900774269e-09,4.2661410121391355e-08,6.177797095646164e-13,2.2862835047808614e-15,5.093920429803839e-16,0.0003054352335922492,1.049155010116213e-10,1.8600910875278297e-09,3.3470185134554242e-09,4.197650173756367e-05,1.38316440328577e-13,2.5374783940735574e-05,1.302125122150421e-09,1.0776082135125455e-08,3.578077991729942e-11,1.1758819844629445e-11,3.9244737652772455e-11,2.1256166562827365e-10,3.016930178275317e-08,1.1819750186696901e-12,6.966650758836411e-09,5.590444070869519e-11,3.612524668473394e-05,0.000197450434325086,6.084518964153472e-08,4.261705235208585e-07,1.2179790146040005e-09,6.58602695350448e-09,1.6441784322607992e-09,7.496891260725083e-09,5.584411668815116e-10,9.592146264625753e-14,2.386327445359214e-15,1.303286787017501e-16,8.863993609614833e-10,6.692514638845617e-10,4.449088754231766e-11,9.69254769380426e-08,6.751529345952492e-07,2.2514351381378665e-12,3.6192039737797663e-10,0.0003979481376606283,3.252155940878006e-10,3.757100460071542e-05,3.146983414971569e-07,1.7632868546964948e-10,0.0012593182715525434,4.4622168475049694e-14,1.4622883245700644e-06,2.3145166791386242e-10,2.2847455580641864e-12,6.56192711632076e-06,2.6129882560139297e-14,0.0002962692423174002,9.156100220596518e-11,4.6511977711622894e-08,6.216169710045814e-12,2.399826152044453e-07,2.0019137861140756e-05,7.696326770094662e-06,6.1005342937621584e-12,2.0207220352633075e-10,0.0015175962461425583,9.080026605803125e-09,1.3026823694783447e-09,2.2894237579997756e-07,5.053048344902622e-10,1.1178824259306578e-09,1.0150489275430392e-09,0.00017741112031904052,0.0001437237666371052,7.185529213799461e-06,4.170431907745152e-05,3.0449024363074854e-09,1.1153702699861327e-06,3.9134104529975015e-06,1.6632475232238714e-06,4.878958769683297e-15,3.0236754187264167e-16,6.124522766228965e-16,2.922812912741646e-10,3.5102366970898226e-05,2.729005219302864e-10,2.6977097361358373e-07,6.348554788702502e-18,9.540504640172202e-09,1.5033020513124786e-10,1.6156217599917896e-09,2.6603665884957975e-10,1.134117972799549e-12,1.0904785288005289e-10
0.028218749999999997,1.4296365683067043,1501.2597660921713,0.2219813207418636,0.6941886987145915,0.0,0.0028999253023966145,0.00016430957247391359,0.01250759820135895,0.08862029039066979,0.07492029859248275,3.3680736165803476e-10,2.190135105680251e-08,2.0840791738145297e-05,3.638798714148517e-05,0.0016847335982758075,3.7263817952434166e-83,2.382413454660097e-24,0.00011990406478466171,1.2667076868609018e-05,0.03576143516774036,0.04605480531996796,1.2086777512885586e-05,6.29961049894947e-07,0.0009647286907994853,0.00038999485684025566,1.2395237642138793e-05,3.0473517626546445e-07,0.0018429127816364738,9.429467172092316e-08,2.102442904915526e-07,0.0001414289774079802,3.236556251049093e-07,0.0001625923743956478,4.9865543996586445e-06,0.0015947458365585718,6.309953282910763e-05,8.841153434525943e-06,2.3444301565731767e-06,6.948279826314712e-09,1.4413974272723706e-06,1.4568475047059412e-05,7.4205604378200786e-09,0.003994613979660069,0.00012565237579345004,0.0010657147200950363,0.0029552263630382714,0.00030805102680584226,4.149014596539231e-08,0.007439688556917849,0.00041110471050241534,0.00013480698261320847,0.0009917943146099892,0.008434150919753308,0.007681395665376072,1.5626624482869562e-06,9.878286519687044e-06,9.072322925332993e-06,4.584503385079433e-09,4.216508756895465e-08,7.658284835533386e-13,1.6947622075194544e-15,3.7913411764256985e-16,0.00023339199594152787,8.925765137789411e-11,1.4999308228484191e-09,3.457617693374502e-09,4.635978575317772e-05,1.34263757845816e-13,1.8722775789328043e-05,8.802669287765437e-10,1.1990971429055593e-08,1.7734585645598e-11,7.712230877490787e-12,4.106526572232805e-11,2.1279493806277095e-10,3.874146683949562e-08,1.368811293992159e-12,4.810284151343503e-09,3.5757569814910364e-11,3.6723863922561664e-05,0.00017128243798347775,4.229420372925673e-08,3.5832621400692453e-07,1.2960744725640956e-09,6.1228502463579005e-09,1.996812853611498e-09,6.44553520348682e-09,5.354185805201523e-10,6.642297797501594e-14,1.6884975644474816e-15,6.966716559221644e-17,6.043760994933588e-10,5.098964848485853e-10,3.197410476403378e-11,5.5117185027153487e-08,5.01135034562263e-07,2.782441374644528e-12,2.187698109095551e-10,0.0003963381410375124,2.611430023047349e-10,3.1529318755904e-05,2.259738642552026e-07,1.2472826452048006e-10,0.0010490532613091337,2.4841744642624294e-14,1.5112707833652432e-06,2.3931813617909025e-10,1.0517705115512373e-12,4.883286161240184e-06,1.5168092202636638e-14,0.0002971111013130125,1.5310345435681525e-10,3.4631197133125827e-08,6.495723911080398e-12,2.0876126399678832e-07,1.764600687278924e-05,3.0169495877125024e-06,5.739520598859286e-12,1.993992826549007e-10,0.001517679927868384,7.270198168722539e-09,1.522866168367622e-09,2.28509295295487e-07,5.905930358768431e-10,3.775284285195014e-10,6.78837627680997e-10,0.00016638958193672745,0.0001449597351228776,6.937234777689502e-06,4.054024312017936e-05,2.3109891131741497e-09,8.710672846275304e-07,2.9552561108678116e-06,1.6700836372641717e-06,2.5037923871842213e-15,1.6253264364568278e-16,3.116039646431688e-16,2.217296127088356e-10,3.594253161305493e-05,3.233258499813774e-10,2.608316512802353e-07,3.557540837610112e-18,1.0281013355764699e-08,1.317668674604217e-10,1.4609567862220414e-09,2.2801905366403004e-10,1.0406037282247008e-12,1.4064582804466956e-10
0.028234375,1.4825315413798792,1554.4665234178142,0.21406128959536935,0.6947187668052045,0.0,0.0017124595315378885,0.00023921697615988624,0.010563624459209631,0.08142804065009088,0.07837725032287327,1.158508481649081e-09,5.160351269831349e-08,2.8877248635941112e-05,5.0689079988876026e-05,0.001698357521501378,3.729970424879753e-83,2.3856288539715518e-24,0.0001139227255530202,9.109410123326693e-06,0.03769410661297122,0.049834012930394876,1.4983983604852824e-05,1.0947840977699967e-06,0.001064815508842132,0.0004074916872913184,1.593326105253974e-05,5.407353212281338e-07,0.001884934860819843,1.6418199010447407e-07,3.4713484349744006e-07,0.00014212999326991267,2.989976119250506e-07,0.0001319006827946159,6.2124876640137215e-06,0.0014481597927415847,4.554650937173961e-05,6.841915488426358e-06,3.376217118428969e-06,8.043534999063568e-09,1.2693692564935516e-06,1.5518832590175253e-05,1.134001172019811e-08,0.004149857661866613,0.00012095920354962151,0.0008141183290525048,0.0032131124242870375,0.0002840954689117624,4.112484603773357e-08,0.007938867903956476,0.0004338370545712876,0.00016536918266668634,0.0007914840753962595,0.009754452182814309,0.007050999909000748,1.3391786517894677e-06,1.0698308692878157e-05,6.421770822868722e-06,7.29068027449689e-09,3.805949090796575e-08,1.0451496336018145e-12,8.226382439253754e-16,1.8520121322973187e-16,0.0001269129254724709,6.01339268462725e-11,9.142381417724094e-10,3.591580507598187e-09,5.516936999427829e-05,1.1591862969475514e-13,9.05155957779245e-06,3.788481509375876e-10,1.3422256096762539e-08,4.374179584796454e-12,2.922949286893626e-12,3.984774701071213e-11,2.1478740386090753e-10,6.061198286731137e-08,1.7668278726596585e-12,2.3063881458555685e-09,1.3860176037993797e-11,3.724835842902779e-05,0.00012380971902882477,1.9372707978905502e-08,2.520301774175387e-07,1.4178604652228739e-09,4.805910355761683e-09,2.6540896184714768e-09,4.460933040620025e-09,4.539744309865073e-10,2.7829461112844952e-14,7.375787659585453e-16,1.790084423389078e-17,2.5774205689624273e-10,2.629873314771292e-10,1.504948192506182e-11,1.4376809501808823e-08,2.719810586781825e-07,4.019552283689078e-12,7.87327273546183e-11,0.00037633878022418223,1.534328355694719e-10,2.0571815761260788e-05,1.0924779397010823e-07,5.832265116981961e-11,0.0006659679798786284,7.270091677604363e-15,1.5918399951617666e-06,2.5077535238395846e-10,1.8367407020379496e-13,2.3618437407871933e-06,4.932706500700626e-15,0.00029713118327660425,3.9606879009413346e-10,1.8516390442959245e-08,6.8967055593753465e-12,1.515984363178133e-07,1.2725119569447182e-05,3.369002586614586e-07,4.73497624195961e-12,1.7994229415486857e-10,0.001511944749934672,4.5597364116888614e-09,2.005391889505102e-09,2.243904241803225e-07,6.976326415586382e-10,3.6429891067692816e-11,2.8794443226078747e-10,0.00013164403006443406,0.00014638510284616395,5.996198754615342e-06,3.6913902236505014e-05,1.2229137956237286e-09,4.52372573865233e-07,1.4450349227168103e-06,1.6762711024945892e-06,6.58457708954805e-16,4.6545949174876633e-17,8.062657549999587e-17,1.1741901545126089e-10,3.713946226045727e-05,4.3491350245454435e-10,2.3854268853647957e-07,1.1015755878820078e-18,1.09058509208235e-08,1.0106659891744672e-10,1.1690998681262954e-09,1.5195234709939254e-10,8.689463564252801e-13,2.2170200822088513e-10
0.028249999999999997,1.5330514420282406,1605.5471510409504,0.20700715247606236,0.6951442468371999,0.0,0.0009309983064150985,0.0003409027321788733,0.00873471801308069,0.07428222462141676,0.08172534537234998,3.6076918099159915e-09,1.1178430928534687e-07,3.8821024790137635e-05,6.973737305696631e-05,0.001704138615541732,3.7245962956758524e-83,2.388223919385058e-24,0.00010628003104352122,6.362402528997469e-06,0.03952741230642309,0.053703645669744574,1.806987051834277e-05,1.7863919980326831e-06,0.001124930502159911,0.0004181941317490268,1.9516243849619846e-05,8.689709828959499e-07,0.0018771879881140437,2.5653907050603935e-07,5.359671082732553e-07,0.00013898044300242275,2.742420348544117e-07,0.00010711886601519892,7.153761711515779e-06,0.001261892469686806,3.209431083848549e-05,5.117883518700449e-06,4.585090370065085e-06,8.995078860296346e-09,1.0844485734980501e-06,1.6033828674264496e-05,1.7480029728269357e-08,0.004281202636670449,0.00011088881739210039,0.0005689627009702991,0.003434325413253268,0.00024374177450094407,3.740617397394453e-08,0.008380064560976714,0.00045330150060915935,0.00018421208349913117,0.0005781494758751978,0.010958195605415805,0.006336356502355842,1.1402439820672828e-06,1.1341357637832303e-05,4.071424984298134e-06,9.408393188203998e-09,3.0560514351906504e-08,1.1993936914231429e-12,3.274313942063963e-16,7.415357208010166e-17,6.261542438771942e-05,3.631964734423549e-11,5.043345938472135e-10,3.6037718306015397e-09,6.347947038876745e-05,8.747058834679702e-14,3.665622131967284e-06,1.5147616597302437e-10,1.293670438896275e-08,9.50114511835109e-13,9.259495830409895e-13,3.254585928789006e-11,2.260625600292627e-10,8.86507490001532e-08,2.1724326989481496e-12,1.1038707195106231e-09,4.979932843874453e-12,3.676237689664308e-05,8.562788631643458e-05,8.097712490873515e-09,1.7507452237688512e-07,1.4785006017166475e-09,3.2727195257825436e-09,3.0638706404170997e-09,2.82678024739773e-09,3.4545033998839574e-10,9.644872513510116e-15,2.6575785814788135e-16,3.945283459315768e-18,9.595158835374396e-11,1.1429553759526587e-10,6.12708366216889e-12,3.07711532643849e-09,1.4279237957913797e-07,5.382317356146859e-12,2.887472109067572e-11,0.00034011171714683376,7.914479627982318e-11,1.2245662610470431e-05,4.867910894862329e-08,2.5080361764220927e-11,0.0003752245373968975,1.914178700607861e-15,1.6501825473858053e-06,2.572411050601373e-10,2.7037897356606656e-14,9.369476078728021e-07,1.496812593931563e-15,0.0002961282104290659,9.274234025709978e-10,9.38172012077039e-09,7.072005384991634e-12,1.0395287130641617e-07,8.271241980700964e-06,1.9904379044652588e-08,3.5393755772574874e-12,1.4598843598447246e-10,0.0015019478227460755,2.7978741444495913e-09,2.5060278649783243e-09,2.1551722907950007e-07,6.796461115220387e-10,3.0061920481350374e-12,1.1480174307878078e-10,8.997415800539646e-05,0.0001469949906569345,4.656719196614467e-06,3.196106503640219e-05,5.742806145314448e-10,1.8829521839760206e-07,5.706944032959758e-07,1.6782233293182677e-06,1.7952883660267697e-16,1.3684833003246918e-17,2.1658316009741538e-17,5.528163891099639e-11,3.754310863800233e-05,5.520646310054286e-10,2.1171370825818614e-07,3.477670425524492e-19,1.0184915555193952e-08,7.706115684657081e-11,9.58036777049344e-10,8.826010269688488e-11,7.151007624709031e-13,3.245169091583079e-10
0.028265624999999996,1.5805032455073293,1653.8276839209861,0.20079213030133305,0.6954673893331716,0.0,0.0004637883313745457,0.0004739654162564801,0.0070599605549286435,0.06728920323278084,0.08491807384021426,9.952454323072663e-09,2.202826185188371e-07,5.0603944778114585e-05,9.440354068113886e-05,0.0017011418845269957,3.71365332934719e-83,2.3902005842675076e-24,9.690136789402845e-05,4.372782697740747e-06,0.04121513636443952,0.05761329703443846,2.1112177134446783e-05,2.7203168483982327e-06,0.001135301427842665,0.00041968459276458625,2.2819025187289167e-05,1.2649111390637575e-06,0.0018151898503432017,3.6065827403588957e-07,7.700168695868713e-07,0.00013168602056069662,2.497191517202799e-07,8.85801156489888e-05,7.64092314669504e-06,0.001052347682401419,2.1907877937175052e-05,3.6886050103956435e-06,5.844319590114179e-06,9.654601007622277e-09,9.016701419082078e-07,1.5927216459282375e-05,2.6977505245774798e-08,0.00438476432541203,9.618425178550916e-05,0.0003606316004308001,0.0036054508994911097,0.0001925943968198554,3.089944914086172e-08,0.00875000407753765,0.0004694264962476837,0.00018853457423715722,0.00038518015968108633,0.012001784827633866,0.005611359638276642,9.664306961101375e-07,1.1790097095791624e-05,2.3228934411895347e-06,9.92733759468589e-09,2.168851651600169e-08,1.1546571856027212e-12,1.0592062554531568e-16,2.4118325669169768e-17,2.8181958060659896e-05,1.9639635116350426e-11,2.514538921843044e-10,3.507036134099899e-09,7.067507289396976e-05,5.73735298120466e-14,1.2375631052059634e-06,5.650317763771062e-11,1.0702838080030973e-08,1.8066470112845414e-13,2.447597255979702e-13,2.262855545529309e-11,2.5085966972121835e-10,1.2047480460330573e-07,2.528753152494893e-12,5.259842577129828e-10,1.6659481201959888e-12,3.521166390879296e-05,5.745544579586186e-05,3.068481301168298e-09,1.1980357381586927e-07,1.4707360660699984e-09,1.9491320045665437e-09,3.0644818611493192e-09,1.6370996033603242e-09,2.358641275754942e-10,2.7620371881661657e-15,7.884832068004577e-17,7.438286803065314e-19,3.095179377531364e-11,4.182859258359591e-11,2.141295604603748e-12,7.43809594175511e-10,7.177983218755024e-08,6.69710973242761e-12,1.1444428548515557e-11,0.00029553074373384774,3.5593519047360884e-11,6.691037083291866e-06,2.0047897615969002e-08,9.962201994609069e-12,0.00018717608595119806,4.464522041387137e-16,1.6886411697625585e-06,2.595013612226627e-10,4.612308579776586e-15,3.0407205371995294e-07,4.20559499309804e-16,0.0002946432793252294,1.9724836350948312e-09,4.4779387964092e-09,6.969919561098949e-12,6.80117320290192e-08,4.8188667021321256e-06,7.816258121472469e-10,2.385262343693229e-12,1.0593549369512667e-10,0.0014895171215128565,1.6956083558001154e-09,2.9704799608854022e-09,2.0223042830205832e-07,5.46710141054036e-10,2.97200008139723e-13,4.324544097736252e-11,5.27870814723651e-05,0.00014720374071958064,3.2452571076542614e-06,2.63335026185573e-05,2.3760344759161174e-10,6.268254155528911e-08,1.8151499612135894e-07,1.6786148600175222e-06,5.3788859325392386e-17,4.3799157992599205e-18,6.402397072575923e-18,2.2961079029252396e-11,3.6981786932125756e-05,6.574265936159013e-10,1.8194053710532306e-07,1.1868984684462643e-19,8.365696782091637e-09,5.8145696802836065e-11,8.314500393078488e-10,4.431707005018323e-11,5.774451456949582e-13,4.403805476080164e-10
0.028281249999999997,1.6242641679957772,1698.6466800090195,0.19538238906370606,0.6957045775963125,0.0,0.00021129452016541714,0.0006416218407403249,0.005571029869373699,0.060561594480730896,0.08791173263994799,2.4225948414430386e-08,3.933529067414334e-07,6.397100650387825e-05,0.00012553863169655383,0.0016889208876759176,3.701239269160077e-83,2.3916323854405627e-24,8.596742755766706e-05,2.9978116239296392e-06,0.04270949118391715,0.06150626814620515,2.3777150710163407e-05,3.8516119366713115e-06,0.0010932964998189062,0.00041009864041262464,2.5526998978062875e-05,1.6770135677562337e-06,0.0017023365806989833,4.57485557123337e-07,1.0266543344681996e-06,0.00012049056199504193,2.2567584758461189e-07,7.521716180090194e-05,7.590580528284103e-06,0.000838207472348003,1.4374398678145071e-05,2.551602401849693e-06,6.972560107125569e-06,9.882764731885388e-09,7.308888284323152e-07,1.509121306929235e-05,4.1121572804440834e-08,0.004460219614418324,7.874217283456316e-05,0.0002062942382390835,0.003722822473334912,0.0001391281904368402,2.302540789206455e-08,0.009043490833272815,0.0004824100392233859,0.00018040198264048898,0.0002340520266062517,0.012874749848698935,0.004932764840108065,8.194302644257716e-07,1.2067484718078644e-05,1.1984037180442676e-06,8.686288390643087e-09,1.3570611953212602e-08,9.333648438398702e-13,2.7753743485776055e-17,6.3508625385327264e-18,1.1631802174817092e-05,9.530949763280177e-12,1.1357732993668628e-10,3.327700072801513e-09,7.62275331827622e-05,3.2657261231594394e-14,3.512542228190349e-07,1.974961901483282e-11,7.600490625534196e-09,2.981849148822005e-14,5.4045787803186066e-14,1.376568890709633e-11,2.868419876114041e-10,1.5161016986973364e-07,2.7763139001979863e-12,2.484589918503633e-10,5.212448607669613e-13,3.266454811783472e-05,3.798254566864491e-05,1.0506852424910303e-09,8.061347470484476e-08,1.4003415665567156e-09,1.0421633526803176e-09,2.659163852725667e-09,8.678726704039691e-10,1.4511556588678808e-10,6.548600511520869e-16,1.9285452040302928e-17,1.2001595491035208e-19,8.634300994475852e-12,1.2934577337596718e-11,6.410809231270576e-13,2.0777268180424185e-10,3.426402614726477e-08,7.790167535143677e-12,4.947458242036054e-12,0.0002496314879211823,1.39779199969759e-11,3.376781698087652e-06,7.655553080573065e-09,3.6722495967900424e-12,8.284541538699066e-05,9.125222822842045e-17,1.7116323401202493e-06,2.586748177758887e-10,9.325609172252014e-16,8.231038674477082e-08,1.0896901926458521e-16,0.0002929098765884777,3.821067709447805e-09,2.0126337018925833e-09,6.5873775101658065e-12,4.31641800717325e-08,2.516337790946968e-06,4.363304986592574e-11,1.4504069880280564e-12,6.880071016452171e-11,0.0014754583845449705,1.0256216689005314e-09,3.3475512844139284e-09,1.8567947849945824e-07,3.653305247444559e-10,3.6385095427157524e-14,1.5476805339293647e-11,2.6635337876499547e-05,0.00014725284339155858,2.043421501005807e-06,2.0726404184417568e-05,8.672434427965584e-11,1.6984575498438764e-08,4.727962436953316e-08,1.6785372421337504e-06,1.786847495022664e-17,1.5404268732747077e-18,2.1015339513591843e-18,8.419805060912767e-12,3.533475813119561e-05,7.322442860051188e-10,1.5099236192825435e-07,4.42034472638882e-20,6.0871093576137594e-09,4.320265639538373e-11,7.580323554679252e-10,1.9244387796858354e-11,4.553719407445644e-13,5.536449424433636e-10
0.028296875,1.6638392549297802,1739.436105062802,0.19073514023263077,0.6958780787724606,0.0,8.813413714724261e-05,0.0008448630513181486,0.0042883158313913455,0.05420618662664504,0.09066890161465646,5.1992510553122206e-08,6.356108352886191e-07,7.850677345713595e-05,0.00016390790443774838,0.0016676009170675896,3.690114622929546e-83,2.3926278956124175e-24,7.401106447401821e-05,2.07649368492984e-06,0.04396514781328213,0.06532550183680474,2.56898518678608e-05,5.059645772673839e-06,0.0010042989872400467,0.00038876713613941966,2.7384303479715256e-05,2.0417431264993444e-06,0.0015483181221548634,5.254095718067451e-07,1.26942443296278e-06,0.0001062160202215571,2.0214814925113609e-07,6.53899168212495e-05,7.030043932263801e-06,0.0006368451107850141,9.009394905992787e-06,1.6881262145773197e-06,7.779791636359417e-06,9.592787901891657e-09,5.775595239206038e-07,1.3554833527043332e-05,6.10466239387772e-08,0.0045110300551287385,6.097503592653239e-05,0.0001065324758128617,0.003792879264325265,9.156926265747988e-05,1.5448804240871886e-08,0.009264532550341972,0.0004926110581209769,0.00016459361060774225,0.0001301145386954993,0.013590919266218564,0.004332442120131159,6.995368711581468e-07,1.2220137186652065e-05,5.625323158227795e-07,6.446892187453635e-09,7.499550773163531e-09,6.367541612190068e-13,5.90914934995093e-18,1.3582215489414314e-18,4.428968248906729e-06,4.173868850836935e-12,4.6722808024583575e-11,3.0962479895129874e-09,7.979417246036172e-05,1.617729974152252e-14,8.580067098084493e-08,6.5035841226499455e-12,4.650472678243069e-09,4.265854962254767e-15,1.0024452577368842e-14,7.554231074893288e-12,3.263386437116056e-10,1.7642636526648175e-07,2.8693103495713514e-12,1.1588060980303666e-10,1.533599596141185e-13,2.9315152775952757e-05,2.5052594161696924e-05,3.251118482555846e-10,5.3284691878725116e-08,1.2818237879953207e-09,5.177788380213643e-10,2.0117770050293228e-09,4.2396417427483277e-10,8.104237663958843e-11,1.2940416643077535e-16,3.9111219806436814e-18,1.6654408089561667e-20,2.0967133477188513e-12,3.4162871510300512e-12,1.6553974005948414e-13,7.446458841546695e-11,1.5462558216216117e-08,8.547259137651195e-12,2.241477500231116e-12,0.000206960091880317,4.835366214365412e-12,1.584859044656085e-06,2.723596963075349e-09,1.263714434797007e-12,3.274658333972181e-05,1.6281919227867318e-17,1.7241156094203078e-06,2.5593864909407286e-10,2.479685672461625e-16,1.934762712677768e-08,2.6020877482088252e-17,0.00029103051293107284,6.765123550942459e-09,8.552559292579231e-10,5.965554753077628e-12,2.7078228488185834e-08,1.1839456498794547e-06,6.226986805641888e-12,8.003116284285615e-13,4.022027897396566e-11,0.001460079114755584,6.248645317127452e-10,3.6044009453545102e-09,1.67457162902908e-07,2.050409658041787e-10,6.142915398768138e-15,5.294992417152498e-12,1.1662175317492465e-05,0.000147250057251127,1.1743760729632484e-06,1.567043452864415e-05,2.81590882254044e-11,3.881372393632652e-09,1.0441179996833038e-08,1.678369026701119e-06,6.3230789730569305e-18,5.722818246495237e-19,7.359042903325922e-19,2.747484165853264e-12,3.2600811131818985e-05,7.626615733511704e-10,1.207548281053758e-07,1.7269358128163994e-20,3.9658482590918765e-09,3.1463721726479124e-11,7.097499838216501e-10,7.284139551853367e-12,3.4918455730648654e-13,6.453399329407553e-10
0.028312499999999997,1.6989059272517004,1775.7958538437665,0.18679822615426694,0.69600802513672,0.0,3.3804874958504083e-05,0.0010818369361931016,0.0032188554799943117,0.04831241246346638,0.0931613266731829,9.853796444085956e-08,9.300007069582033e-07,9.369759836841446e-05,0.0002100649105777811,0.0016379012121415875,3.6810865034278295e-83,2.3932930655264876e-24,6.182387564376015e-05,1.4726068011316163e-06,0.04494424115144734,0.0690202353391555,2.6528944383729537e-05,6.161997411990735e-06,0.0008803848928242259,0.00035654290235397583,2.821841722044163e-05,2.302711536984419e-06,0.0013662081394480113,5.48659109392161e-07,1.4570941470454169e-06,9.011474499380918e-05,1.7889989422855094e-07,5.753534551608004e-05,6.083956704309445e-06,0.0004612831914767655,5.371585635327873e-06,1.0651741396705162e-06,8.124506963151137e-06,8.78830943066025e-09,4.440609586082863e-07,1.1493700552081635e-05,8.739076499816875e-08,0.004543048993722211,4.4953157748042264e-05,4.998940618403078e-05,0.0038280456550562067,5.4937447990520066e-05,9.359755993208613e-09,0.009424446828891282,0.0005004451036001086,0.00014568762817362504,6.654733152037586e-05,0.01417538569156407,0.003819927405079881,6.048819232210103e-07,1.2296524308314244e-05,2.422882343944099e-07,4.199860002526477e-09,3.6824347984950346e-09,3.7020280913500184e-13,1.0328392511050257e-18,2.3834120575058486e-19,1.5672269853837893e-06,1.6628999465224783e-12,1.7641694835773448e-11,2.8401000466913513e-09,8.127744282078811e-05,7.028034254129553e-15,1.8784047025503963e-08,2.0320482144531117e-12,2.47137952710937e-09,5.31964102173591e-16,1.5794552937339886e-15,3.814111940517078e-12,3.5987295325963867e-10,1.8990721660159922e-07,2.7898931425901267e-12,5.3171735043648365e-11,4.2720592965269276e-14,2.5452458657586265e-05,1.659365832167065e-05,9.118526340862503e-11,3.458392186614392e-08,1.1325797919538752e-09,2.475806843655192e-10,1.3379284060051359e-09,1.9421775907589256e-10,4.1456566382690554e-11,2.158632572694937e-17,6.654064338295474e-19,2.0088185406349013e-21,4.507082858376428e-13,7.862953839480844e-13,3.7504970585064256e-14,4.246700651063405e-11,6.5916895872408556e-09,8.938135285659838e-12,1.0159759027091039e-12,0.00016953705171751646,1.494064243002754e-12,6.972732434389817e-07,9.092631581643334e-10,4.092432831105235e-13,1.1675169659037945e-05,2.5436584937701247e-18,1.7303377986281875e-06,2.522655641175272e-10,1.0747039887394491e-16,4.158583814965498e-09,5.7402235668168035e-18,0.0002890499101962848,1.0999040503885929e-08,3.459080687955047e-10,5.176164042486741e-12,1.706547277454944e-08,5.070125490641061e-07,1.8104981816609643e-12,4.043281394604735e-13,2.1358412176196016e-11,0.0014435008696207284,3.858022175681833e-10,3.732780130977512e-09,1.491037870342243e-07,9.812722091872071e-11,1.774792727015937e-15,1.7441897845469191e-12,4.493461295614508e-06,0.00014723394942801898,6.221238104353734e-07,1.1444805688301278e-05,8.24316110274538e-12,7.842883485618362e-10,2.047951172863274e-09,1.6782268555558518e-06,2.2751991639612545e-18,2.1451708470152872e-19,2.624153740017281e-19,8.082355233735866e-13,2.894541935710072e-05,7.443147712889414e-10,9.299070498841805e-08,6.761362876970077e-21,2.3386257045658307e-09,2.238202673768412e-11,6.731638677212934e-10,2.4357591293479537e-12,2.595629782181675e-13,6.992685764691674e-10
0.028328124999999996,1.7293405911662612,1807.54130759175,0.1835107642963303,0.6961082007358044,0.0,1.2024769472231494e-05,0.0013476051016814818,0.002356429132594619,0.04294400307010512,0.09537196653591824,1.6550743386741884e-07,1.235005333077663e-06,0.00010900676823083239,0.0002641485858911332,0.0016010988682362175,3.673633225095739e-83,2.3937097655957732e-24,5.024263358780725e-05,1.086754132271316e-06,0.0456215831835488,0.07255154863309837,2.61207923618137e-05,6.961200982641463e-06,0.0007373593860818254,0.0003157177124375197,2.795311218709214e-05,2.424729326134931e-06,0.0011699849880242655,5.236136376307383e-07,1.5563977908398934e-06,7.359198328377678e-05,1.5561019037034562e-07,5.052403216746309e-05,4.932136995711862e-06,0.0003185986993813523,3.0399526324252713e-06,6.398817811562224e-07,7.956816191227012e-06,7.5747277176695e-09,3.3106128702680056e-07,9.182037011138626e-06,1.2007023345591873e-07,0.004562485227047111,3.18653922400014e-05,2.1606713135086037e-05,0.00384126410406801,3.017066422671324e-05,5.156832389667794e-09,0.009537977690319836,0.0005063151705059925,0.0001266068209916324,3.1549386647383034e-05,0.014654252177810695,0.0033906121139246318,5.319749318789052e-07,1.2333204622478553e-05,9.687033624729469e-08,2.52480521829287e-09,1.62402486365043e-09,1.8623207195294727e-13,1.510559860681187e-19,3.49792883383274e-20,5.204540331075914e-07,6.096138681014668e-13,6.1805005068139064e-12,2.580209786372304e-09,8.082326193888129e-05,2.7135226777934088e-15,3.9096483298230915e-09,6.082200294206538e-13,1.1557121441254969e-09,5.863353142409127e-17,2.1543272029165835e-16,1.783922076512812e-12,3.793425987463779e-10,1.894541507101719e-07,2.553865998596247e-12,2.3933141921023535e-11,1.137164313458076e-14,2.140271045957338e-05,1.1039163688938686e-05,2.3345131391445407e-11,2.2042084612076384e-08,9.68886144528922e-10,1.185876270071211e-10,7.908119938611573e-10,8.734102619599674e-11,1.9619809387804433e-11,3.104815718741606e-18,9.685746947407195e-20,2.1446308659294245e-22,8.824670060333317e-14,1.6270210723779141e-13,7.675766009108293e-15,3.408120066515378e-11,2.6611763866740477e-09,9.000976008777621e-12,4.481952533940439e-13,0.0001376828263030568,4.1944936580866594e-13,2.901900385785507e-07,2.878201216316426e-10,1.260778474396371e-13,3.800669494316194e-06,3.5155031214291835e-19,1.7332778214371968e-06,2.483274192364115e-10,6.709352200139682e-17,8.558449933336391e-10,1.1773000346341323e-18,0.00028698962047628003,1.6525881892655717e-08,1.3416417523662767e-10,4.304394597648986e-12,1.091876198580689e-08,2.0043610370869887e-07,7.923323886207976e-13,1.8901427602077333e-13,1.0416330088350865e-11,0.0014258007675934565,2.4200051016504847e-10,3.744926766697744e-09,1.3175668878042102e-07,4.0770153305545606e-11,7.732480526778307e-16,5.576561512646975e-13,1.5500142795370852e-06,0.0001472160145149433,3.0649307605589716e-07,8.112286643739094e-06,2.211472621622924e-12,1.477362358384406e-10,3.756956168567582e-10,1.6781405493290804e-06,8.097409046120582e-19,7.897955676123847e-20,9.268198161764911e-20,2.178269471093847e-13,2.468788302053512e-05,6.831090910850913e-10,6.901945056360391e-08,2.583374532218383e-21,1.2609581166313569e-09,1.5522805907352188e-11,6.438035120687173e-10,7.3197674568291e-13,1.867951600174319e-13,7.075206463540279e-10
0.028343749999999997,1.7552246122475756,1834.7164440253634,0.18080455994017505,0.6961857738791776,0.0,4.033766327870171e-06,0.0016343792167720474,0.001683663062941414,0.03813520914984279,0.09729584705739841,2.4766519585496296e-07,1.4942122857744545e-06,0.00012394047676764997,0.000325637038766145,0.0015589286734577809,3.6668561261709825e-83,2.3939322017066012e-24,3.9937254117937624e-05,8.506280455570109e-07,0.045988859045780026,0.07589513937793274,2.4494866502593347e-05,7.308621513700207e-06,0.0005911983525700134,0.00026960178476118855,2.6620934889032196e-05,2.3996357569280046e-06,0.0009728884884602677,4.5944669666051696e-07,1.5526127142840768e-06,5.7913684373228416e-05,1.3220767216349765e-07,4.375252838023287e-05,3.7567082467232844e-06,0.00021003109989734862,1.6324808625268215e-06,3.6584548978959263e-07,7.329185057072977e-06,6.133016861463931e-09,2.3835882248399678e-07,6.909945612852508e-06,1.5824890360872962e-07,0.004574409947598081,2.1985598513692295e-05,8.801648778883372e-06,0.0038424480570969748,1.5285122195789257e-05,2.6115974585942643e-09,0.009619404345013259,0.0005105797410564254,0.00010873644752155807,1.3991897310492994e-05,0.015049398444716418,0.003033997581284179,4.766867649623115e-07,1.2352099510669957e-05,3.656865520378457e-08,1.4959034951956157e-09,6.559167089521754e-10,8.307228767269473e-14,1.9166623110480282e-20,4.45161369314246e-21,1.6484803386443578e-07,2.0953929459303478e-13,2.045617027734057e-12,2.330666088393476e-09,7.87642008385743e-05,9.523767226130312e-16,8.315014745446042e-10,1.7695562192662675e-13,4.861727141218158e-10,5.886984632898155e-18,2.6306240374511155e-17,7.780098438973514e-13,3.800252325248187e-10,1.757835302108014e-07,2.2051897527842173e-12,1.0547725117647821e-11,2.9378274527526413e-15,1.7465987027441333e-05,7.35218553223045e-06,5.5406131116650015e-12,1.3803161115681574e-08,8.042167480114728e-10,6.009341630680809e-11,4.2100393752641375e-10,4.304116465947336e-11,8.682431269490589e-12,3.9958309230451937e-19,1.2487720751729883e-20,2.093847382220049e-23,1.645594028914747e-14,3.1717025510040955e-14,1.4848408908808584e-15,3.080635778531899e-11,1.023246846343658e-09,8.809598701170041e-12,1.9061166660258085e-13,0.00011092048296247671,1.0903566501600195e-13,1.1544660573470408e-07,8.775895240822527e-11,3.754544464439668e-14,1.1448999590706752e-06,4.392510551708017e-20,1.7347050158420206e-06,2.445123388492021e-10,4.824163545975741e-17,1.7342689561405718e-10,2.278226955927044e-19,0.0002848627825545044,2.312328533050235e-08,5.0283870382806913e-11,3.4329700383776743e-12,7.125682795791315e-09,7.444484118101154e-08,4.046095181715744e-13,8.26810550104802e-14,4.720636075571809e-12,0.001407062326050044,1.541541672779426e-10,3.664661751674728e-09,1.1606101744233838e-07,1.499663600090826e-11,4.035729468582723e-16,1.7465674164967498e-13,4.879041893062923e-07,0.00014719883768436046,1.4159170433932712e-07,5.602785038951085e-06,5.536354750229027e-13,2.776272339674782e-11,6.874073237098042e-11,1.6781097086269585e-06,2.8227488368947045e-19,2.830712602822548e-20,3.210368943445569e-20,5.475591860327092e-14,2.0228964874411733e-05,5.92391374432995e-10,4.9506550791482485e-08,9.551475108128121e-22,6.278473346029392e-10,1.049517907121176e-11,6.202169350886318e-10,2.015488688989445e-13,1.302233758855941e-13,6.724604481361436e-10
0.028359375,1.7768281763636935,1857.575000934672,0.17860624782698734,0.6962431844172268,0.0,1.3272888065386194e-06,0.0019322740574901805,0.0011755284943563873,0.03389163691016614,0.0989394969993882,3.324132539768767e-07,1.6557181980891293e-06,0.00013809160585308132,0.0003931606891719129,0.0015134178528820991,3.660135088450392e-83,2.393993505570474e-24,3.129064420758016e-05,7.170261414054653e-07,0.046056536816760425,0.07904068362974422,2.1879117465125502e-05,7.155271011323073e-06,0.0004550153371666585,0.0002219141044593914,2.4370571433885594e-05,2.2446702111313883e-06,0.0007862178860191402,3.7325443410972235e-07,1.453089625248905e-06,4.400110841065276e-05,1.0909292086874415e-07,3.706309618822525e-05,2.6987376935658345e-06,0.00013238459229234325,8.32971494417838e-07,1.9934834325914612e-07,6.372970896254147e-06,4.66590516566799e-09,1.6511352500898377e-07,4.90589388658762e-06,2.0048897284886814e-07,0.004582257876152345,1.4965495176649897e-05,3.5116331351346626e-06,0.003837705178171488,7.231373686804466e-06,1.2338685566941117e-09,0.00968013615473632,0.0005135452095403585,9.258793161551078e-05,5.870511198223527e-06,0.015377208264314168,0.0027390098258341586,4.350461837411373e-07,1.2364122965498051e-05,1.3426345797261858e-08,9.315859782024228e-10,2.530188638834464e-10,3.446407458836902e-14,2.2894919861538354e-21,5.331074763927495e-22,5.1634947002575065e-08,7.033533047479868e-14,6.656491954587869e-13,2.0997971532032036e-09,7.553310252251548e-05,3.1798939404125684e-16,1.9415980968121825e-10,5.1434554329265716e-14,1.923785085980088e-10,5.802525970561517e-19,3.0875670747199134e-18,3.258109063233937e-13,3.614405852430627e-10,1.524638690457677e-07,1.8018444012856538e-12,4.549418911457316e-12,7.631943907959182e-16,1.3869278779563047e-05,4.884756982482459e-06,1.266737356419294e-12,8.501935418427478e-09,6.488180491753087e-10,3.412724464344811e-11,2.0511314749689912e-10,2.7453793027548473e-11,3.6361822502406187e-12,4.964162251769754e-20,1.5330739684830479e-21,2.0049474550692002e-24,3.1302961199120585e-15,6.2500919659729355e-15,2.9101731456348114e-16,2.879469199758107e-11,3.784017853617169e-10,8.445388371076552e-12,7.834044448230618e-14,8.857621171372254e-05,2.679632471113356e-14,4.4503700158545e-08,2.651652098641843e-11,1.1119182767102136e-14,3.2372461675477307e-07,5.2070665550393774e-21,1.7355249644771905e-06,2.409918166330024e-10,3.66312904357369e-17,3.5354637020805545e-11,4.319035747941858e-20,0.00028267927763573367,3.039392145020075e-08,1.8362773430717782e-11,2.6295126279948168e-12,4.7474867978734625e-09,2.649845968981193e-08,2.1882189100026426e-13,3.426161771247692e-14,2.014123778871588e-12,0.0013873879688771342,9.950974670573023e-11,3.5193326329194666e-09,1.022642030899878e-07,4.985220427569975e-12,2.294398077342523e-16,5.4236939040017374e-14,1.4313391135966254e-07,0.00014718226824432412,6.183502002361932e-08,3.785354166021258e-06,1.3193112388256554e-13,6.026651253461954e-12,1.436401212760594e-11,1.6781221005773832e-06,9.658066935080105e-20,9.905486731723573e-21,1.092696292299407e-20,1.3094677115596592e-14,1.5953403597262467e-05,4.882267153145327e-10,3.4459868335246234e-08,3.429409190782155e-22,2.915585646857476e-10,6.928638023234822e-12,6.01532374415985e-10,5.196284625141019e-14,8.815332515991317e-14,6.045590217827012e-10
0.028374999999999997,1.794573065116349,1876.5365788469599,0.17684017429126636,0.6962804534486765,0.0,4.7222635983476475e-07,0.002230487377603796,0.0008033427272121735,0.03019466440003098,0.10031910753817443,4.0341236602317884e-07,1.6912930150052721e-06,0.0001511587945473744,0.0004645003172353451,0.0014666742711269515,3.6532830133368625e-83,2.3939146614227632e-24,2.4391319195578966e-05,6.522282129369125e-07,0.045852740222961166,0.08198851203637675,1.8638158561093688e-05,6.56334108248263e-06,0.0003373365929074915,0.0001761381891059338,2.1453622724660218e-05,1.9951547359501336e-06,0.0006183776317881408,2.830098463289597e-07,1.2827287448041014e-06,3.235456256404239e-05,8.708336294394077e-08,3.058252092820455e-05,1.8373997121656875e-06,7.997944018253356e-05,4.049755895207899e-07,1.0385259384582765e-07,5.254046441432606e-06,3.3419056365191687e-09,1.0975588335739e-07,3.2953565034699675e-06,2.4501390037373196e-07,0.004588042296014016,1.0187550478262724e-05,1.4658785032190644e-06,0.0038302143778136126,3.258951234217849e-06,5.559251455930163e-10,0.009728073207306119,0.0005154692016061794,7.829890546470311e-05,2.367381656077203e-06,0.015649379833673538,0.0024962024279237154,4.036528723285832e-07,1.2373897546395244e-05,5.093991318360836e-09,6.290301330613835e-10,1.0299318950221888e-10,1.478445570549921e-14,3.1385416859527775e-22,7.323587953775259e-23,1.7513360200229832e-08,2.543719196164353e-14,2.347326981288301e-13,1.891680012529234e-09,7.157692997372359e-05,1.119637010948736e-16,5.396531411500699e-11,1.5857589025007544e-14,7.928154455144776e-11,6.793083441450882e-20,4.103654747331361e-19,1.4347594627537978e-13,3.269898020599738e-10,1.244265424389905e-07,1.3993703083147548e-12,1.9224803533373287e-12,2.181140523029008e-16,1.074764411361882e-05,3.2309111750577882e-06,3.0736365485324894e-13,5.158934659928081e-09,5.096740602469623e-10,2.2167916265258804e-11,9.337119416812194e-11,2.3840076941108958e-11,1.4644888774678452e-12,7.017541308694941e-21,2.1141995909222405e-22,2.2154391394092445e-25,6.680694775871898e-16,1.3713667595870952e-15,6.361118738788289e-17,2.7288811029547175e-11,1.3690764213172452e-10,7.981117389251008e-12,3.153005315366779e-14,7.004611747162866e-05,6.389132472382668e-15,1.6997911531164014e-08,8.424198478116327e-12,3.475144880715907e-15,8.741865870686355e-08,6.560919436896305e-22,1.7361392401195022e-06,2.377958928458891e-10,2.8761869846473814e-17,7.68723140336728e-12,8.829359853416684e-21,0.0002804473225206837,3.787652234741987e-08,6.612313929370571e-12,1.9387062526816737e-12,3.2264722171575546e-09,9.223764310596334e-09,1.2203927551218024e-13,1.3668041054844405e-14,8.228913735241175e-13,0.0013668972856071353,6.493419208082217e-11,3.3346387643796672e-09,9.036202024575889e-08,1.533338765273423e-12,1.3792458721638547e-16,1.7046226887265915e-14,4.017746959076837e-08,0.00014716537617935553,2.572886759406173e-08,2.5129473540858707e-06,3.068025740849576e-14,2.0359338503053847e-12,4.577455989226803e-12,1.6781614411646806e-06,3.284844658046287e-20,3.430400494841846e-21,3.700624716783306e-21,3.054301942518284e-15,1.2149849059610207e-05,3.8490472029551655e-10,2.3397494634451616e-08,1.2129108840900981e-22,1.2751969933495136e-10,4.479394597996252e-12,5.868965053920541e-10,1.2887426282145967e-14,5.816282391215014e-14,5.1787623711671e-10
0.028390624999999996,1.8089797372909873,1892.1268933724843,0.17543182329329698,0.6962970215633313,0.0,2.165512908104439e-07,0.0025186618367396387,0.00053839210686994,0.027007819689874524,0.10145789351807767,4.466814600295358e-07,1.604698824040245e-06,0.00016294582959093626,0.0005368312591832629,0.0014206665180505522,3.6464540195313805e-83,2.393711683663e-24,1.9105142920251887e-05,6.316287342500865e-07,0.045419237398417404,0.08474522320646764,1.5178692636450039e-05,5.674637539893693e-06,0.00024187786247043086,0.0001349883279663661,1.8182378749862558e-05,1.6939985800275164e-06,0.00047435126516469844,2.0210314020380155e-07,1.074441732756963e-06,2.3090036346233604e-05,6.712945883484086e-08,2.4551716730627074e-05,1.1927281571436066e-06,4.645858935169861e-05,1.8835200451250978e-07,5.197169333904162e-08,4.127276855539322e-06,2.261215900548863e-09,6.994300656816317e-08,2.102350437524336e-06,2.8999977482640823e-07,0.0045928157235163814,7.019725552928227e-06,7.054982568506364e-07,0.003821427727392453,1.4497795560674175e-06,2.4797900687676586e-10,0.009768129236835142,0.000516566615226173,6.585625463144866e-05,9.4320414118086e-07,0.015874396902263478,0.0022980027794403716,3.7978698009893524e-07,1.2383101012709775e-05,2.2404791155942503e-09,4.5509941734799067e-10,5.2842645971607314e-11,7.88075783786947e-15,7.038845853213202e-23,1.6452500688540223e-23,7.63424104758345e-09,1.1822386640299183e-14,1.0689286926965018e-13,1.7075211818255353e-09,6.729199935414027e-05,4.981579935200246e-17,2.051105083458426e-11,5.827161161981474e-15,4.0738396432366794e-11,1.3388648270281323e-20,8.299641901161672e-20,7.89903970912e-14,2.824922583292434e-10,9.629558198305688e-08,1.038653042839428e-12,7.979431202224473e-13,8.131457576075356e-17,8.15094129541289e-06,2.1270639017088088e-06,9.438095920158238e-14,3.090204943170242e-09,3.9064392724758886e-10,1.5962260195304197e-11,4.1022023605528283e-11,2.4731945618039882e-11,5.83018822209983e-13,1.4800073708739624e-21,4.4053035583015245e-23,3.7909662983420353e-26,1.7619279617752094e-16,3.6946752833401646e-16,1.70952790717755e-17,2.6097142958598865e-11,5.0067249409951064e-11,7.474296935261385e-12,1.2808471673100235e-14,5.4846051741019316e-05,1.5395031250382186e-15,6.723635651836454e-09,3.1526638921472698e-12,1.284474372500855e-15,2.32509240804439e-08,1.0811238440232033e-22,1.7366999412952127e-06,2.3487702654624e-10,2.3205826766020174e-17,2.0627319493363398e-12,2.31860678291986e-21,0.0002781740022847573,4.516245792322788e-08,2.4031019594817642e-12,1.380348005329336e-12,2.233865452897565e-09,3.1967804975118597e-09,6.946944361148477e-14,5.394958003264848e-15,3.311627248459551e-13,0.0013457206038081366,4.2755369521368785e-11,3.1319540642996456e-09,8.021791613296851e-08,4.5267230969488777e-13,8.64579925382879e-17,5.657433186952194e-15,1.1246154058385374e-08,0.00014714714507659397,1.0276156375524178e-08,1.6471820902381604e-06,7.245018032887887e-15,1.2061166756452855e-12,2.586312495396755e-12,1.6782117469786014e-06,1.143883561205985e-20,1.211976049289798e-21,1.2842409289614134e-21,7.230785132852088e-16,8.974780596801625e-06,2.922521657134761e-10,1.558360043731234e-08,4.359259389241716e-23,5.302691408214624e-11,2.8468941408096152e-12,5.754567698883097e-10,3.206743074663831e-15,3.757773570878247e-14,4.2571661627327474e-10
0.028406249999999997,1.8206084615066642,1904.9135445938573,0.17431129225388678,0.6962928799208193,0.0,1.4221754458055109e-07,0.0027880977509173394,0.000354583536689195,0.024283506541611374,0.10238324386329849,4.556117623997283e-07,1.425909998867765e-06,0.00017334936712207574,0.0006071554386890927,0.0013770405593069976,3.6399650045099836e-83,2.3934000092682844e-24,1.517490331130763e-05,6.37395815843806e-07,0.04480559077044149,0.08731983066329238,1.1857473249455347e-05,4.656317511214038e-06,0.00016846334678955878,0.00010010651005644171,1.4868835408745586e-05,1.381405151433525e-06,0.00035579200524765714,1.3730638151610321e-07,8.593697434993181e-07,1.6041921311044336e-05,4.9988966229829805e-08,1.9194326092552208e-05,7.43445295575049e-07,2.6041448679268073e-05,8.420197568362666e-08,2.5129461116101824e-08,3.1058134361010934e-06,1.4520787020039753e-09,4.276273522952072e-08,1.2796483811583476e-06,3.3382251007613805e-07,0.004597081340443079,4.9406617353868355e-06,4.243233005742466e-07,0.003811952808420396,6.788661906896334e-07,1.170140119690799e-10,0.00980314936902919,0.0005170151862720788,5.516797591213779e-05,3.9198300544018596e-07,0.016058876687939705,0.0021381941794005486,3.6136054304701055e-07,1.2392243068008312e-05,1.2975824712000412e-09,3.4289729471332585e-10,3.8092257374499e-11,5.840706474767873e-15,3.198221225125167e-23,7.485264252820865e-24,4.803129877930349e-09,7.849829060066186e-15,6.981284359902685e-14,1.5467327269639986e-09,6.298859206389929e-05,3.1350408989661996e-17,1.196879520061157e-11,2.896100418169667e-15,2.9254922923286334e-11,5.486319144525994e-21,3.195999117173593e-20,6.05376477168647e-14,2.3426368062435105e-10,7.129163961121481e-08,7.413400927488814e-13,3.2646656337315937e-13,4.4370703190524645e-17,6.0652668344482405e-06,1.395720357985813e-06,4.084099106156564e-14,1.8314902007177828e-09,2.9284082365911143e-10,1.2158606472017167e-11,1.8449008514874366e-11,2.7065680711148302e-11,2.4217150498298526e-13,5.645669598569314e-22,1.7365304148610118e-23,1.2550858593741862e-26,6.113808060257237e-17,1.30273889000652e-16,6.0199049497924875e-18,2.5129722668118756e-11,1.9672490014486237e-11,6.966096100477209e-12,5.574181120803021e-15,4.257064849996063e-05,4.045693582893846e-16,2.995420223593584e-09,1.5770605191761148e-12,6.367744297967751e-16,6.5898159400559364e-09,2.750239077642361e-23,1.737252967338347e-06,2.3215686651733467e-10,1.9167527400720188e-17,7.913393233811231e-13,8.701604281217706e-22,0.0002758655237039906,5.1970024393660795e-08,9.267233269217962e-13,9.529560068322175e-13,1.5735695098741092e-09,1.1185585025471185e-09,4.009255043352395e-14,2.2236365022838575e-15,1.3866787816680745e-13,0.001323991776578436,2.8391306522903022e-11,2.9273365546468567e-09,7.163865054878787e-08,1.3948832224364193e-13,5.598402362296208e-17,2.1522905882712977e-15,3.3899722448416814e-09,0.00014712675887546816,3.966936421410518e-09,1.0710771188538446e-06,1.873210641261567e-15,9.605791945692233e-13,2.014103515536316e-12,1.6782598365819858e-06,4.325384246342258e-21,4.636380901124504e-22,4.842607857618122e-22,1.8734768023230492e-16,6.461391209831359e-06,2.151291299754652e-10,1.0236834871292189e-08,1.6909968945322245e-23,2.1148558253637216e-11,1.7862399487119966e-12,5.664288794397107e-10,8.650659976982707e-16,2.3892597096475485e-14,3.3802503092945473e-10
0.028421875,1.8300057785379331,1915.4490306240089,0.17341618115934782,0.6962690594912421,0.0,1.1985312015321658e-07,0.0030325365515878125,0.00022992759818917644,0.021968915141348962,0.10312414455423387,4.322637908046485e-07,1.196686166676634e-06,0.0001823420228703851,0.000672771027362914,0.0013370065282401718,3.6341684360212734e-83,2.3929964273670794e-24,1.2307766278144125e-05,6.569965307394753e-07,0.044062980807862216,0.08972132052103494,8.921704564856007e-06,3.652170408779623e-06,0.00011445706909024206,7.204124458615964e-05,1.1768122120159469e-05,1.087841464736625e-06,0.00026166990396584615,8.969928190820866e-08,6.604876748059021e-07,1.0883177777572784e-05,3.6026551769257364e-08,1.4645507029793396e-05,4.484747134414382e-07,1.4137600625179589e-05,3.636272220632265e-08,1.1811968201425525e-08,2.251032313524001e-06,8.897148914676419e-10,2.513797524165855e-08,7.465995913466505e-07,3.7521620566794016e-07,0.004601065673026011,3.5702309800867873e-06,3.156206141490626e-07,0.003802041051312395,3.669653975461776e-07,6.411365425085982e-11,0.009834732792028178,0.0005169600954700735,4.6089952371823404e-05,1.868300871153033e-07,0.01620847778949685,0.0020113634766743705,3.4681446934060664e-07,1.2401439918376545e-05,9.915763425063484e-10,2.6367226500099157e-10,3.469639336628287e-11,5.427538988577431e-15,2.3700612175109252e-23,5.552935181030349e-24,3.9394017975068135e-09,6.674879395323597e-15,5.85687771243334e-14,1.4076973010151706e-09,5.888210582717888e-05,2.5183818426010077e-17,9.644978894985655e-12,1.9333680930820386e-15,2.6547334476654954e-11,3.743674242285859e-21,2.0747629674317607e-20,5.808093288778727e-14,1.8755022614845858e-10,5.095996950483958e-08,5.120993094674771e-13,1.3218526246520882e-13,3.1978569249927e-17,4.4377887813173705e-06,9.150423419643691e-07,2.236854195326377e-14,1.0765155050384274e-09,2.1526295523690238e-10,9.499533725951037e-12,9.37653041601313e-12,2.96787928620882e-11,1.1537221516968068e-13,3.5574989678753743e-22,1.1485993605468178e-23,7.108332791041181e-27,2.8886965321447856e-17,6.229045373339131e-17,2.8772887746857028e-18,2.4324233227682463e-11,9.083669904259959e-12,6.4830978309671966e-12,2.838954635707639e-15,3.284315399434071e-05,1.3140587929134692e-16,1.668248892891627e-09,1.0557245291311656e-12,4.2313653693694756e-16,2.387624448239042e-09,1.0579941888765974e-23,1.737805932286514e-06,2.2955603933495226e-10,1.6155811883542744e-17,4.077473267980445e-13,4.187890632084295e-22,0.0002735273838363898,5.8161210146961925e-08,4.153674249881494e-13,6.408159980494745e-13,1.126380487186072e-09,3.990731578919767e-10,2.3336035741095818e-14,1.0518073381619716e-15,6.645079895621706e-14,0.0013018419163116262,1.9032610961435036e-11,2.731638986075658e-09,6.441642569178758e-08,5.404178577645693e-14,3.720561353123009e-17,1.0399489134994363e-15,1.2479821485732027e-09,0.0001471037095851055,1.4893380703130134e-09,6.935895286133788e-07,6.004469573461193e-16,8.423329479944149e-13,1.7460896616049323e-12,1.6782964348797833e-06,1.938444679014062e-21,2.0974373966278597e-22,2.1653196059122287e-22,6.016049922420361e-17,4.555790801779942e-06,1.5443661283053498e-10,6.663233188967739e-09,7.737467818294824e-24,8.153639701011105e-12,1.1109635827878142e-12,5.591463740740149e-10,2.870673377236514e-16,1.5021591465130293e-14,2.6070151203385e-10
0.028437499999999998,1.8376650531191336,1924.2296798239229,0.17269339321381444,0.6962276462523487,0.0,1.1192336337891477e-07,0.003248398233732077,0.00014698678145704503,0.020010555581471544,0.10370915662928047,3.850344450272039e-07,9.561993784279625e-07,0.00018995509548009449,0.000731624817856663,0.0013013069591575205,3.629315913207213e-83,2.3925192586258984e-24,1.0232430136684061e-05,6.820264790393188e-07,0.04323907532473515,0.09195766331589836,6.493271937879971e-06,2.7569052992444097e-06,7.61367721985112e-05,5.046080561709884e-05,9.046241608561702e-06,8.315242239764103e-07,0.00018920570338104619,5.693494827797538e-08,4.906361742686151e-07,7.228912458490819e-06,2.519162310047338e-08,1.0936386046746453e-05,2.6387299815763756e-07,7.454127646776917e-06,1.523567002524772e-08,5.425548477032017e-09,1.5791666829535182e-06,5.227525822446214e-10,1.4243588517856814e-08,4.1911538531892326e-07,4.1333237809762304e-07,0.004604869809872329,2.6520438786851356e-06,2.6860570923876315e-07,0.003791812337284866,2.448393587075602e-07,4.344568842310761e-11,0.009863795801824763,0.0005165180273436141,3.8447145508035715e-05,1.1256803776982814e-07,0.016328346173600287,0.0019125865620173443,3.3501044615909424e-07,1.241070278345364e-05,8.909197958630121e-10,2.0548190647742003e-10,3.4561082122487625e-11,5.4917950987427016e-15,2.1407709760505717e-23,5.0202898181484095e-24,3.614427585270893e-09,6.278548811926834e-15,5.448031923613522e-14,1.2882796671937509e-09,5.5102290815778484e-05,2.2378112430027018e-17,8.921366295517502e-12,1.5344992911607283e-15,2.638812999988639e-11,3.1607828668236425e-21,1.741757525088406e-20,6.038222795987082e-14,1.4577447502414862e-10,3.550169732367763e-08,3.4441621564501147e-13,5.3136443649635233e-14,2.609587154623988e-17,3.197790574992489e-06,6.012663604102842e-07,1.3402676305876354e-14,6.286952079936106e-10,1.555542515171737e-10,7.522436122729263e-12,5.956632419384322e-12,3.2174922412008286e-11,6.947261081969275e-14,2.938133613791966e-22,9.794202693805177e-24,5.275746351196963e-27,1.8449600639486587e-17,4.01547779298882e-17,1.8548718832515314e-18,2.3634267780306017e-11,5.261888336064238e-12,6.040266063117545e-12,1.8034504687290663e-15,2.528963394078842e-05,5.869164447604245e-17,1.1970264413474406e-09,8.41748836322009e-13,3.350844985309716e-16,1.3269280589076794e-09,5.670007023389775e-24,1.7383558846597345e-06,2.270096098342471e-10,1.3856295589829279e-17,2.390206787121377e-13,2.2317972500774675e-22,0.00027116449153619224,6.371574944228564e-08,2.377591923423433e-13,4.2159524346156496e-13,8.183799701996971e-10,1.4633484204993564e-10,1.3639243680006109e-14,6.292413823041885e-16,4.018843409281072e-14,0.0012793947609339223,1.291336045381634e-11,2.5512774510733623e-09,5.835064476092515e-08,3.170534184451996e-14,2.5286096994649843e-17,6.566741946013255e-16,6.24698642015938e-10,0.00014707780142307665,5.464907692352902e-10,4.4840485779969985e-07,2.6528600639011584e-16,7.650221329363988e-13,1.5736127603255328e-12,1.6783162273893897e-06,1.0963693794496399e-21,1.1954847469120652e-22,1.2223943921038614e-22,2.6620013323832144e-17,3.1590055177606214e-06,1.0864572376865937e-10,4.312243582539841e-09,4.451976420052555e-24,3.0581564103941802e-12,6.872778885049715e-13,5.53080077799304e-10,1.3051714076726357e-16,9.376074470225643e-15,1.9618191609593383e-10
0.028453124999999996,1.8440046915857522,1931.6736880343858,0.17209967797895345,0.6961715139674363,0.0,1.0809602254939283e-07,0.003434536492173759,9.259643695616223e-05,0.018357341181857726,0.1041650373016184,3.2483378379832547e-07,7.325682254410671e-07,0.00019626273764355455,0.0007824634529193408,0.001270255192555107,3.625556711214524e-83,2.3919875350400575e-24,8.725722302684447e-06,7.071864437075151e-07,0.042374720662199064,0.09403581814336896,4.588586196105635e-06,2.014266374964787e-06,4.9690415751330187e-05,3.448366081271214e-05,6.777662110846804e-06,6.196313632075918e-07,0.00013479051252260446,3.539278853564232e-08,3.538930711937567e-07,4.707790212331911e-06,1.7124494740669002e-08,8.014207087463656e-06,1.5223338916921653e-07,3.810493645323441e-06,6.202013272858686e-09,2.438386183110523e-09,1.076055951535355e-06,2.950471865548926e-10,7.775545535811091e-09,2.2630186169846507e-07,4.477178661941387e-07,0.004608542845699419,2.021169416189018e-06,2.4433440442347106e-07,0.003781344009529893,1.9708443058569958e-07,3.5378017665270054e-11,0.009890898716064913,0.000515781078779358,3.2053807169786786e-05,8.595254668994409e-08,0.016423234587096987,0.0018373419132656661,3.251344383379995e-07,1.242002946715472e-05,8.548154405847518e-10,1.625688272179209e-10,3.519902299169116e-11,5.6727212080598244e-15,2.0569080378773036e-23,4.82740242083092e-24,3.4412847714379347e-09,6.099077259667324e-15,5.242832020329662e-14,1.1861546362032462e-09,5.171134725090497e-05,2.057298436308404e-17,8.605827545672967e-12,1.314059576975755e-15,2.6873975174687796e-11,2.869902373223544e-21,1.6088698651252735e-20,6.364593302763958e-14,1.1054522298712122e-10,2.4325665454888603e-08,2.2662165523334095e-13,2.1194242019234192e-14,2.2344211926178294e-17,2.271309466977694e-06,3.9729258187472497e-07,8.197920626193126e-15,3.649797186904753e-10,1.1072384424133553e-10,6.032532713132176e-12,4.755185976117676e-12,3.4450385888029024e-11,5.300392277239242e-14,2.7045187162199108e-22,9.16828272274201e-24,4.3603691596079895e-27,1.4677568644203678e-17,3.2198513510826656e-17,1.4874144278442667e-18,2.3025854191001753e-11,3.7337973123452604e-12,5.644130978684643e-12,1.3932549185989061e-15,1.95392710659454e-05,3.5089070555519777e-17,1.0238374012376448e-09,7.25062457616691e-13,2.8683624093797423e-16,1.0366597711112082e-09,3.855854236398709e-24,1.7388989196486108e-06,2.2447214187364944e-10,1.2062881390847279e-17,1.450892611188837e-13,1.2276763632770935e-22,0.0002687812506093955,6.868824840484785e-08,1.7382394512113425e-13,2.7234532690720553e-13,6.028661766211092e-10,5.5381679376433825e-11,7.970041457534944e-15,4.774082736710003e-16,3.077165898474098e-14,0.001256763765906404,8.901896930135638e-12,2.3892803222476636e-09,5.325823952601777e-08,2.5919421211247593e-14,1.7558581461464928e-17,5.006287268254743e-16,4.141711856968639e-10,0.00014704909566295594,1.9547447980152742e-10,2.8956349861892146e-07,1.5715742923030602e-16,7.082276522001869e-13,1.4477827186202024e-12,1.6783172501915834e-06,7.623549946005868e-22,8.366631776739016e-23,8.486469437640226e-23,1.5790014969199395e-17,2.1604030994254236e-06,7.514271802209547e-11,2.7794064292171274e-09,3.1406404069303093e-24,1.1142124875906794e-12,4.237800773604635e-13,5.47833817754083e-10,7.921158915540274e-17,5.824859235470955e-15,1.4450570542455993e-10
0.028468749999999998,1.8493624465404865,1938.1161421324005,0.17160109107181457,0.6961039459332897,0.0,1.0561875856825158e-07,0.0035916854804384987,5.718865216893662e-05,0.016962429738703197,0.10451595799717787,2.62156136276584e-07,5.416447056219548e-07,0.00020136815540038473,0.0008247869026098155,0.0012438186910533919,3.622923469437033e-83,2.391419819395316e-24,7.616793466312953e-06,7.293973631149089e-07,0.041502534336358886,0.09596217332423222,3.1567206190800016e-06,1.430363078070888e-06,3.1771269954677764e-05,2.3007507981362827e-05,4.9658054087780905e-06,4.514426620438634e-07,9.46956684125888e-05,2.1555923541282075e-08,2.485111015941002e-07,3.00028455653638e-06,1.1305876294414007e-08,5.776297546402592e-06,8.564384628055803e-08,1.847555251343715e-06,2.399999146163943e-09,1.0528804716862313e-09,7.124496116569617e-07,1.5808740123880664e-10,4.026259462793581e-09,1.1561784508823946e-07,4.782402541391417e-07,0.004612113615254894,1.5735244002519625e-06,2.290779075565534e-07,0.0037707008771415266,1.7711057711784722e-07,3.197710795028739e-11,0.009916416190104046,0.0005148206452215142,2.6729722745611458e-05,7.602820985694527e-08,0.016497483865215073,0.0017815234093624553,3.166156454825578e-07,1.2429426383081444e-05,8.383620184062714e-10,1.3127538309219312e-10,3.5913686384536825e-11,5.871331106266257e-15,2.0144641975200635e-23,4.7310111822106184e-24,3.3166412505261628e-09,5.986728238146736e-15,5.104839674061905e-14,1.0990117498390435e-09,4.872379536809754e-05,1.9172259985938436e-17,8.385350780508768e-12,1.1624023470151973e-15,2.7485965184415294e-11,2.6774434081399878e-21,1.535738352142698e-20,6.671994875615894e-14,8.210658408028829e-11,1.6544367242035635e-08,1.4636584996037057e-13,8.217988067402538e-15,1.956334219574812e-17,1.5896858011066544e-06,2.6450349587554973e-07,4.991505033651344e-15,2.0993748600703133e-10,7.770021125054047e-11,4.917680301245467e-12,4.37011673119723e-12,3.6506212078297624e-11,4.683382153100072e-14,2.5867989075640795e-22,8.853178673931682e-24,3.7645784868044715e-27,1.3108275928033923e-17,2.895900442205311e-17,1.3377108767735801e-18,2.247487436587253e-11,2.9980208430520838e-12,5.295623963836903e-12,1.2088180652097283e-15,1.5238999943903887e-05,2.5066863569119378e-17,9.516472640383072e-10,6.450991775858795e-13,2.5377611959875513e-16,9.318671956170213e-10,3.00525149820783e-24,1.7394326875168152e-06,2.219167415772621e-10,1.0637325172933782e-17,8.800046713107015e-14,6.790731261898607e-23,0.0002663816148170649,7.316856705591274e-08,1.4808117021983667e-13,1.7312960999857401e-13,4.497967926717844e-10,2.0789657826287754e-11,4.626111656588528e-15,4.1991065111260867e-16,2.7278489230556816e-14,0.0012340507019271156,6.264040138512838e-12,2.246330335386723e-09,4.897757297913299e-08,2.4231227663413412e-14,1.247255711655254e-17,4.195046623887927e-16,3.249281702876874e-10,0.0001470178306218262,6.339452369773731e-11,1.8613774759943837e-07,1.1138842901742408e-16,6.644125267376495e-13,1.3509159260912277e-12,1.6782999814586958e-06,6.012942799231096e-22,6.635649552281091e-23,6.684493450657333e-23,1.1203697496882525e-17,1.4578628833683956e-06,5.11152716898599e-11,1.7820521077064171e-09,2.5080290104754506e-24,3.6711753366433315e-13,2.6035491986127975e-13,5.431263897587192e-10,5.732593398251383e-17,3.601735074611185e-15,1.0434548888700697e-10
0.028499999999999998,1.8579290100905503,1948.778065770173,0.17080987050098378,0.6959449024877248,0.0,1.023912245957793e-07,0.003824657641949752,2.2963722516540117e-05,0.014824320696893987,0.10496659398631751,1.5739858516075353e-07,2.864863452148163e-07,0.00020833049238867124,0.0008840329986233278,0.0012039903004465004,3.620818297552155e-83,2.390228221913882e-24,6.202357677436329e-06,7.601560378684936e-07,0.03981011723894759,0.09937428609603208,1.501656198017301e-06,7.17846458291707e-07,1.34886837998446e-05,1.0372473327282447e-05,2.61714161001728e-06,2.3734621020581115e-07,4.7261104524356666e-05,8.890764629148686e-09,1.226770570941141e-07,1.2588559671440576e-06,4.991867958372188e-09,2.995505707391913e-06,3.101207378047042e-08,4.974948575587538e-07,4.2055616960563274e-10,2.3014641292466816e-10,3.167268697863709e-07,4.9789129238512726e-11,1.2000915759705172e-09,3.3262947100070713e-08,5.275216574300642e-07,0.00461900402057279,1.02518335603179e-06,2.099332699231919e-07,0.0037490991298765623,1.6464831610344203e-07,2.966323617668551e-11,0.009963457196593401,0.0005123966503073142,1.880761393294559e-05,7.150447238539365e-08,0.016596051291601584,0.0017168050067259064,3.0239631662705387e-07,1.24484558973145e-05,8.205418774172678e-10,9.517937267675955e-11,3.7055359550205545e-11,6.25401643028247e-15,1.9744360404607584e-23,4.6422387932877764e-24,3.1236727140300067e-09,5.840296990790753e-15,4.91430558906767e-14,9.635502939747212e-10,4.396763899070804e-05,1.7106931081609046e-17,7.979881682622334e-12,9.560978002256007e-16,2.871959758490949e-11,2.423425570774649e-21,1.4484679105070126e-20,7.139885535516288e-14,4.4852187733217846e-11,8.267982424627368e-09,6.257065967526213e-14,1.502861234718831e-15,1.5663558368675564e-17,7.833202600290425e-07,1.317817595940623e-07,1.970127880590359e-15,7.463136090750288e-11,3.865731633479293e-11,3.5549765959817936e-12,4.3763490180390565e-12,4.00250313136922e-11,4.3915469528245564e-14,2.459571075135371e-22,8.510730817822985e-24,2.996761726706822e-27,1.2016868682987723e-17,2.6867279931083992e-17,1.2408354860079714e-18,2.1493197286436357e-11,2.3084187195150143e-12,4.7398125697848125e-12,1.0611555385879613e-15,1.0035188161846787e-05,1.6893389421300643e-17,8.970044953775725e-10,5.35591469545266e-13,2.0872679049262936e-16,8.366656693402175e-10,2.219574273844778e-24,1.74046951389312e-06,2.1672498132942334e-10,8.56961397555715e-18,3.466000674720677e-14,2.2786562946304825e-23,0.0002615507103026707,8.086903021834006e-08,1.3084684709289057e-13,7.2147893842784e-14,2.6244868949215455e-10,4.99551621704166e-12,1.6680730633219544e-15,3.910980382110104e-16,2.573328937200318e-14,0.0011887095215923505,3.4675528523086293e-12,2.017811986752132e-09,4.2429666933684096e-08,2.320946436971053e-14,7.012885962704822e-18,3.319604988160674e-16,2.5658394267312734e-10,0.0001469487738215154,1.0444006182197268e-11,8.212930490378005e-08,7.410181474542616e-17,6.025601004193051e-13,1.2137622816247094e-12,1.6782172556014106e-06,4.492159752553478e-22,5.002377612800431e-23,4.982775974237206e-23,7.466623133669819e-18,6.868735811455874e-07,2.4315583900219296e-11,7.699713019953278e-10,1.9122128261472122e-24,6.206717914077322e-14,1.0465126650669476e-13,5.347454290605589e-10,3.9469710318610554e-17,1.4631163300372252e-15,5.4110757671283296e-11
0.028531249999999998,1.8649261902924814,1957.7434973560898,0.17016899396099763,0.6957757924909995,0.0,1.0040829611060045e-07,0.003975658401541368,9.018442317523729e-06,0.013273244320046187,0.10521564639524189,8.692883948492607e-08,1.4392165645086765e-07,0.00021199468694001522,0.0009164594464295675,0.0011774949728719927,3.621788141076044e-83,2.3890593885604226e-24,5.327519852789067e-06,7.726187289296241e-07,0.03828172341427326,0.10227714234056831,7.009882156948313e-07,3.492361313266271e-07,5.642368394318345e-06,4.554218875039375e-06,1.3248856530571654e-06,1.2005008617521828e-07,2.309887402274549e-05,3.7872282180891415e-09,5.863158207153231e-08,5.167222064900907e-07,2.118004211153583e-09,1.5157000603589128e-06,1.1690334012605853e-08,1.2919268264761455e-07,7.071591980435764e-11,5.022754616262547e-11,1.3599381459411408e-07,1.5264488526378247e-11,3.478830613677422e-10,9.087851573869746e-09,5.644125910856142e-07,0.004625683322533142,7.000051678209711e-07,1.9648847784079996e-07,0.0037274504368335756,1.5907659176460617e-07,2.831229538383733e-11,0.010006869970082691,0.0005095822391213714,1.3318735163851813e-05,7.038321336069177e-08,0.016651322432482348,0.0016929299527295564,2.903134921475083e-07,1.246796782309736e-05,8.045562114341968e-10,7.811764874926113e-11,3.781725029084214e-11,6.631078689735445e-15,1.9664347075876898e-23,4.627806508502502e-24,2.9631513819096697e-09,5.748519752297244e-15,4.7838269866848594e-14,8.637273945096352e-10,4.043065110810182e-05,1.567694856462421e-17,7.550213487566785e-12,8.140010004770553e-16,2.9972100229709864e-11,2.2589169806889925e-21,1.3891989885760858e-20,7.441041527223562e-14,2.3754989740437435e-11,4.6670996568754335e-09,2.6691205532662627e-14,2.832676130507614e-16,1.3003438743946217e-17,3.7167493258252604e-07,7.473147097022214e-08,7.805475954819517e-16,2.696490100795926e-11,1.8815571949407038e-11,2.8304209643376243e-12,4.538812557071811e-12,4.306688430912936e-11,4.305429053558332e-14,2.3749816720664716e-22,8.293286784609827e-24,2.5001435220569023e-27,1.1443008793583599e-17,2.5841765471377018e-17,1.1932790293305007e-18,2.060366652632726e-11,1.910482708586576e-12,4.3239755149837566e-12,9.776316421766043e-16,7.319390849840992e-06,1.2914286763180626e-17,8.612338200224926e-10,4.587908374267361e-13,1.774151370762832e-16,7.625628384436053e-10,1.785660074834973e-24,1.7414750969046607e-06,2.1142545239088293e-10,7.134699754714343e-18,1.3696628236296027e-14,7.900952071275681e-24,0.00025669402243373626,8.75860551746882e-08,1.2217800082402625e-13,3.0133038078471594e-14,1.5930094553580684e-10,1.4985323357951012e-12,6.060243163690956e-16,3.815644478505289e-16,2.5374488925807322e-14,0.001143933741163755,2.1925301430448306e-12,1.8465653639235161e-09,3.7675468152940906e-08,2.2323531176493953e-14,4.462402812565607e-18,2.7602524289456494e-16,2.2340742181174117e-10,0.0001468739475800532,1.8063437529562659e-12,3.639491637821136e-08,5.603957367749797e-17,5.581474336482841e-13,1.11512839052477e-12,1.678094467210408e-06,3.6249583527993326e-22,4.067010205332965e-23,4.013428358940345e-23,5.655107867972309e-18,3.199432578013972e-07,1.1328846200607948e-11,3.32220405225835e-10,1.5694296508277869e-24,1.0967647120820627e-14,4.2784066597468604e-14,5.270067087270221e-10,3.071863009962221e-17,6.034500477992575e-16,2.6787213980354163e-11
0.028562499999999998,1.871014140760687,1965.6460323969407,0.1696152940268871,0.6956122752856614,0.0,9.924099584729373e-08,0.004068027263244701,3.2813778888295894e-06,0.012124876575486833,0.10535014431268869,4.46141674941624e-08,6.880006338832808e-08,0.00021326593776281832,0.0009295141483529185,0.0011603007163571333,3.624622202187703e-83,2.3879782095519376e-24,4.736958381628897e-06,7.709740010560533e-07,0.036950084268003246,0.10472865681495293,3.236064302462386e-07,1.6425017121281548e-07,2.254477759001953e-06,1.9072074603000857e-06,6.365217804278634e-07,5.766970604046855e-08,1.0845577423776076e-05,1.609935344918759e-09,2.691240001550089e-08,2.0093555253386325e-07,8.418717897838507e-10,7.410308087276025e-07,4.430198427862709e-09,2.8874340184218115e-08,1.0635053315399574e-11,9.847766250747188e-12,5.505692320027747e-08,4.321413273280921e-12,9.254759574334982e-11,2.111379615053014e-09,5.917601219752653e-07,0.004632221742727923,4.939104061599108e-07,1.860364375539121e-07,0.003706067687842536,1.5546794585169328e-07,2.7164818742479827e-11,0.010047565145023451,0.000506519273758612,9.505423938227432e-06,7.011980461070246e-08,0.01667885475588655,0.0016952023211692674,2.7961914548640034e-07,1.2488109986814681e-05,7.884043055278917e-10,7.095642840325922e-11,3.831482761823574e-11,7.015320964897967e-15,1.9807813300070503e-23,4.665454549982473e-24,2.8223408160868897e-09,5.693364977340084e-15,4.6922425686475604e-14,7.888559508902952e-10,3.7803002366660216e-05,1.468889780412826e-17,7.112675557660178e-12,7.10740927183739e-16,3.12760726924669e-11,2.1474880133359523e-21,1.3457128569185618e-20,7.624540062121385e-14,1.2102310606858133e-11,3.1138755093379313e-09,1.1269526180448496e-14,4.915167247854085e-17,1.1091219235441327e-17,1.653180251111067e-07,4.954700243658686e-08,2.990526168285722e-16,9.535478192987931e-12,8.791820988681464e-12,2.4393964950715706e-12,4.733084311462398e-12,4.579009704979471e-11,4.269212040741616e-14,2.3124524439312845e-22,8.146162537029492e-24,2.15733619921793e-27,1.1027260582201386e-17,2.512113406421396e-17,1.1598776993699287e-18,1.977711488770247e-11,1.6411710622355744e-12,4.011575091799626e-12,9.166233341973357e-16,5.9218230693589145e-06,1.0449173683083045e-17,8.298515946798013e-10,4.0199496325546816e-13,1.5442559325846277e-16,6.963609331831432e-10,1.50456131217145e-24,1.7424605496239552e-06,2.060792011434852e-10,6.091948893743079e-18,5.2356196132236775e-15,2.710874675835373e-24,0.0002518295824104148,9.365295619370153e-08,1.1616727351036373e-13,1.2496157223286129e-14,9.997028343531488e-11,5.071540508598943e-13,2.1323658799887138e-16,3.769678788695262e-16,2.53034578235642e-14,0.0011001156277026067,1.5753951148420376e-12,1.7179527780975665e-09,3.414026007702151e-08,2.1364823545542552e-14,3.191808047889631e-18,2.360022424975127e-16,2.0128910490184714e-10,0.00014679568827359802,3.133336694366794e-13,1.5657331227166413e-08,4.491679478696065e-17,5.232812391088141e-13,1.0378442421362467e-12,1.6779528691403454e-06,3.0457558581322417e-22,3.43950461103623e-23,3.36670614777155e-23,4.538670057700224e-18,1.4342465964575831e-07,5.044271059068614e-12,1.383756394041078e-10,1.3383379117235143e-24,1.9380514037746424e-15,1.721823857751131e-14,5.196647962545077e-10,2.5249317797147738e-17,2.447332008312435e-16,1.2363652529863112e-11
0.028624999999999998,1.8815269006085589,1979.2844327807857,0.16866759306547435,0.6953319539932014,0.0,9.8468265336027e-08,0.004132746865868647,6.460402323468575e-07,0.010648013200927727,0.10544852640771876,1.562610021133795e-08,2.287827446317958e-08,0.00021084217002141837,0.0009169874197667649,0.0011438059000371393,3.632944114911356e-83,2.3861849710202478e-24,4.016998388580116e-06,7.399549186738709e-07,0.034876141433998364,0.1084503324695874,1.1767013792832833e-07,5.5384140538629184e-08,5.775040983856272e-07,5.187753747804265e-07,1.83125669452806e-07,1.663859315591025e-08,3.056971775148773e-06,4.2893481663231116e-10,8.357145038458578e-09,4.7712252371173886e-08,2.0443539992372188e-10,2.331602301958571e-07,1.026180538894403e-09,3.132386069690692e-09,6.720540816766041e-13,9.021502727714181e-13,1.4014035683075445e-08,7.167114465246026e-13,1.4175702111868893e-11,2.335381735670101e-10,6.249402917202919e-07,0.004644975636960232,2.8199751053429677e-07,1.7042861904147247e-07,0.0036648321145383053,1.5079841626714053e-07,2.5119309171427645e-11,0.01012252939934861,0.0004998939687334641,5.303131720368953e-06,7.067383619041282e-08,0.016681025335973536,0.0017492548862679724,2.6120543105593524e-07,1.2530524804425735e-05,7.551453160716773e-10,7.068004510491574e-11,3.875397690567157e-11,7.813881528219732e-15,2.054735847817475e-23,4.846588302733477e-24,2.5790304483128887e-09,5.6538125435298005e-15,4.5830528831581716e-14,6.907324874070714e-10,3.4544955102068045e-05,1.3625143804960075e-17,6.2672021400831435e-12,5.76057182843607e-16,3.403708559410997e-11,2.0182873152077137e-21,1.2871888872381685e-20,7.750125384218535e-14,4.093844778303197e-12,2.3343646920713543e-09,3.2514398507590414e-15,3.7482185439243715e-18,8.604309783813842e-18,3.975487964345825e-08,3.6150129655843384e-08,7.217996153715225e-17,2.033189887512498e-12,2.451162233721005e-12,2.126947111949153e-12,5.1571272243509975e-12,5.051254648386098e-11,4.257154778149451e-14,2.2260349401996287e-22,7.979155822866948e-24,1.7360025936588516e-27,1.0418825648002468e-17,2.4088998295077624e-17,1.1121195474577601e-18,1.8270038022225246e-11,1.309303003484192e-12,3.6109949862232033e-12,8.283450101111644e-16,5.025262123991787e-06,7.466542567371574e-18,7.726860761112065e-10,3.2602045253615243e-13,1.2390407941065282e-16,5.81121263249151e-10,1.175431931432622e-24,1.7443960859168427e-06,1.9543613612730443e-10,4.7232354820936186e-18,1.258707856504898e-15,5.555274074382075e-25,0.00024213875030677443,1.0430707396416342e-07,1.0797428256578436e-13,3.5064137286889935e-15,4.590359155903622e-11,1.242624604653991e-13,4.355895542405332e-17,3.740562501604505e-16,2.551191222131095e-14,0.001016343416823711,1.1190467478172956e-12,1.553762925834635e-09,2.9520857081403907e-08,1.9309570992120883e-14,2.174423024172104e-18,1.8365496320774917e-16,1.6861406866731105e-10,0.0001466341648692697,4.2436617313228585e-14,3.908631518312195e-09,3.1582751540830297e-17,4.704410311266196e-13,9.215129730970168e-13,1.6776625966202396e-06,2.339399653458386e-22,2.671200343955833e-23,2.578787859619504e-23,3.1986063217278358e-18,3.803880606675308e-08,1.302452080256191e-12,3.160609885054179e-11,1.0542876359141263e-24,2.709134866135873e-16,3.893374637406338e-15,5.059159267419724e-10,1.853658486774771e-17,5.607051156571116e-17,3.1663072637589294e-12
0.028687499999999998,1.8908172403477304,1991.1345564796081,0.1678388618644207,0.6951180873256421,0.0,9.845678324193682e-08,0.004126187842932366,1.4680790504305106e-07,0.009690844805549829,0.10551871562324663,7.643599432702854e-09,1.1176164768687242e-08,0.00020539924414815017,0.0008841424619557512,0.0011357848903847565,3.640907268147464e-83,2.3848453470659994e-24,3.5517167397240133e-06,6.96637225307888e-07,0.0333814872631534,0.11110642573332505,6.899209808969938e-08,2.826050791104088e-08,2.257921051433899e-07,2.123587708913981e-07,5.8404659640235306e-08,5.251514647424241e-09,9.557900476156073e-07,1.3128825137904313e-10,3.761426882105632e-09,1.6592140014960103e-08,7.236700613389686e-11,9.196765296059086e-08,2.8124047676057044e-10,3.995854555181408e-10,8.756964292776986e-14,1.1017284414683975e-13,5.310644331353468e-09,1.7520254225603023e-13,3.2042489309433303e-12,2.841064702319305e-11,6.435724357620805e-07,0.004657288135051413,1.787847238817979e-07,1.5853213135186466e-07,0.0036261158624907525,1.4745003476610697e-07,2.3316398796863197e-11,0.010192003358316307,0.0004928419310054863,3.2021791738560375e-06,7.172898385514714e-08,0.01665290640710532,0.0018302741410759985,2.4566802990459566e-07,1.25756157071518e-05,7.211807933968865e-10,7.514940184269807e-11,3.8752802729938504e-11,8.623360189740105e-15,2.1482228257851674e-23,5.073398489201187e-24,2.3665494423435787e-09,5.646816747709374e-15,4.5126152457512584e-14,6.25900975659375e-10,3.253034859962609e-05,1.3070310082830409e-17,5.523353228940626e-12,4.877685391377135e-16,3.68316443050138e-11,1.9389265035930227e-21,1.2427788518709421e-20,7.718310951660641e-14,1.7127867186776178e-12,2.1699593507550906e-09,1.4831670194290985e-15,3.9581067605284227e-19,6.980106033398353e-18,9.123938777761635e-09,3.326939736974294e-08,2.699004463491927e-17,6.902656697647884e-13,7.579000324757807e-13,1.9704242470336068e-12,5.59588580958651e-12,5.458119047658957e-11,4.273260264290199e-14,2.1568796358053385e-22,7.862581874738884e-24,1.470222526589941e-27,9.945218629132216e-18,2.3285699608924073e-17,1.0750535062807666e-18,1.6920773162499927e-11,1.1014881936475152e-12,3.351673236849446e-12,7.622405312904298e-16,4.760297235117242e-06,5.610800860986031e-18,7.204372195158232e-10,2.7462679708690317e-13,1.034758452262529e-16,4.86271586480341e-10,9.775125409910415e-25,1.7463055528909511e-06,1.851344471655138e-10,3.829178465979398e-18,4.676943165170161e-16,1.8365807108679524e-25,0.0002325483506480273,1.1363597051893216e-07,1.0212507992146655e-13,1.5666679417544417e-15,2.3857900417084332e-11,4.9139343449992044e-14,1.3902089302590792e-17,3.741836963204255e-16,2.5873829741760504e-14,0.0009381500008923876,9.258500089537264e-13,1.4479828541369162e-09,2.6471526809717925e-08,1.729544639710134e-14,1.6911709518642083e-18,1.493579067638699e-16,1.427410923278694e-10,0.0001464693217664854,1.2511177565578044e-14,1.014200262630926e-09,2.3407402337268562e-17,4.307287740373107e-13,8.351005251088765e-13,1.6773978554269416e-06,1.9048841882747765e-22,2.1956387902060267e-23,2.094843673438261e-23,2.375341733507221e-18,1.0408326762796915e-08,3.4380340459482973e-13,7.38705830341205e-12,8.773030271881647e-25,8.207510434693424e-17,9.451964801271653e-16,4.93402634619942e-10,1.4258701184102383e-17,1.376664931601003e-17,7.668549163285035e-13
0.028749999999999998,1.8992215388381302,2001.6395632620724,0.16709615341016584,0.6949635607195696,0.0,9.859951646029118e-08,0.004088202059137828,4.7161608343204214e-08,0.009005497512013154,0.10561946743006806,5.4020626275648735e-09,8.016592051945628e-09,0.00019873918561387488,0.0008449049698467898,0.001129921748807931,3.647308285519188e-83,2.383883001113273e-24,3.213458660659456e-06,6.518604006211547e-07,0.03230059885547449,0.11301887379752198,5.530112136204268e-08,2.1206170664370513e-08,1.453872481771206e-07,1.3934354093301373e-07,2.300725684594905e-08,2.002149478473157e-09,3.6365032727249264e-07,4.9500114367977504e-11,2.542635256770709e-09,9.618982991673206e-09,4.237324744972877e-11,5.107550412681832e-08,9.685268862992824e-11,7.292065894385471e-11,3.2133581731162606e-14,2.355882873423292e-14,3.290288953515755e-09,7.467359278654152e-14,1.2306173020776545e-12,4.3179758305579135e-12,6.543497063236133e-07,0.004669076841803839,1.2644933166209464e-07,1.489250210343799e-07,0.003590093354782791,1.4465788500893766e-07,2.1728199521709572e-11,0.01025714694547429,0.0004854473603976707,2.1323603230345643e-06,7.288789728342921e-08,0.016610846069383824,0.0019218876850663335,2.3239019510447148e-07,1.262313522595724e-05,6.871509375302059e-10,8.066285191268037e-11,3.844689325507962e-11,9.412755617308579e-15,2.2403262817978554e-23,5.296731555227409e-24,2.1766907198196103e-09,5.643161780359797e-15,4.4535965827041034e-14,5.787643459415222e-10,3.114713200806064e-05,1.2729587267490241e-17,4.886992957806859e-12,4.2415457641014356e-16,3.95230841078692e-11,1.877595598274415e-21,1.2022721811632263e-20,7.599862685138439e-14,1.000316645983003e-12,2.1168613171677726e-09,1.016672666072802e-15,7.453420328215087e-20,5.816088510846143e-18,1.8145905398157378e-09,3.279885399534558e-08,1.6737726682684088e-17,3.96462980761643e-13,2.853352299475992e-13,1.8545571923926902e-12,6.029308773334329e-12,5.806747623799152e-11,4.295621461531625e-14,2.0904733268799674e-22,7.743672855491646e-24,1.2796130960264487e-27,9.541119459105301e-18,2.2586466675762978e-17,1.0428653932251298e-18,1.5706651339251338e-11,9.559164107505447e-13,3.165440522273706e-12,7.090298468075072e-16,4.648089328908959e-06,4.351076074671305e-18,6.723644753622234e-10,2.365680254503777e-13,8.850676981942161e-17,4.090493531999372e-10,8.409553647139036e-25,1.7481823313376026e-06,1.7529277809830117e-10,3.1920126627323594e-18,2.88906933301504e-16,1.03187113416469e-25,0.0002231138481402503,1.2176524490987947e-07,9.748611704690482e-14,1.0544420836982808e-15,1.405819206646894e-11,3.271515409837025e-14,7.43849006760999e-18,3.7515531726551546e-16,2.625665336933357e-14,0.0008659306448834584,8.102866164286182e-13,1.3722956977610696e-09,2.425514793973845e-08,1.543823767495339e-14,1.3791554243784194e-18,1.247900616319343e-16,1.2175865356874203e-10,0.00014630142434497376,7.478580016187626e-15,2.47883537035014e-10,1.793341914068729e-17,4.0020853340841076e-13,7.69273092343762e-13,1.6771638681323781e-06,1.6063933648312571e-22,1.8668434888605436e-23,1.762925768049673e-23,1.8230580106610276e-18,2.6679395234521627e-09,8.473944060866395e-14,1.6094117674409327e-12,7.540493581757077e-25,5.0256243372347504e-17,2.201662448108165e-16,4.820664476344662e-10,1.1287561025562069e-17,3.238548483637014e-18,1.598562171625462e-13
0.028874999999999998,1.9138594649152685,2019.4122909419293,0.16581813839065654,0.6947944452542469,0.0,9.852807727606688e-08,0.003974953031457487,2.7720823576586448e-08,0.008078806099953529,0.10593990367023284,4.50072145424133e-09,6.806591277828289e-09,0.0001845222502245432,0.000765725423331586,0.00111759206755619,3.654979704937746e-83,2.3828219499485017e-24,2.7434449299561017e-06,5.704255856433745e-07,0.030994547692021587,0.11531780678211766,4.76351421222065e-08,1.9185495573692492e-08,1.23016287938871e-07,1.1839300968213645e-07,1.3197566451010194e-08,1.0958914525279989e-09,2.0043362334875688e-07,2.742966710114299e-11,2.118744985604745e-09,7.471812596303322e-09,3.236640761601602e-11,3.944240360495132e-08,4.577973339796976e-11,2.9511826345113055e-11,2.1111725512130276e-14,1.1150698290298963e-14,2.6259149952464317e-09,4.928514695250643e-14,7.257426504938363e-13,1.4388108398395552e-12,6.628657647646127e-07,0.004690794095318858,9.493296797994997e-08,1.3422050746433796e-07,0.0035260921781295656,1.3967461529029862e-07,1.908115655709772e-11,0.010376033342304589,0.0004698065520636355,1.442389201973602e-06,7.492648011317247e-08,0.01650720576203629,0.0021138673726127533,2.1106201773740772e-07,1.2724216875606314e-05,6.205619141945567e-10,9.135204546026462e-11,3.718482837707608e-11,1.085106831702942e-14,2.3870778663229895e-23,5.6541505510178216e-24,1.8509231061609758e-09,5.607003784377588e-15,4.333387352356868e-14,5.137875245179037e-10,2.9370795038523604e-05,1.2290459539638533e-17,3.884287934581443e-12,3.3754275115116313e-16,4.4299668724889823e-11,1.768062682702796e-21,1.1206055419748593e-20,7.216861172218054e-14,8.560751519092515e-13,2.036461639670628e-09,7.94536588170375e-16,2.9130735343928106e-20,4.251919242000655e-18,1.7006608934681928e-10,3.322052265567228e-08,1.325953760172248e-17,2.815002868268228e-13,1.5419010344877288e-13,1.6556781821260913e-12,6.8339324831260236e-12,6.335618635407705e-11,4.3271675813156884e-14,1.9495299250423771e-22,7.436753087770703e-24,1.0135631093026864e-27,8.831647157187885e-18,2.129165479103835e-17,9.833780625145617e-19,1.3617767869143508e-11,7.625609032757422e-13,2.9110958118476554e-12,6.263608343813073e-16,4.490855552425727e-06,2.8038385827018397e-18,5.870982455009869e-10,1.830581463962976e-13,6.776544719608963e-17,2.952243449328125e-10,6.5884598808449995e-25,1.7517810557392955e-06,1.571083821572901e-10,2.344645081141189e-18,2.289259391089464e-16,7.029115866809388e-26,0.00020489830858091976,1.344595792797373e-07,9.015940715102591e-14,7.956053869688562e-16,7.861189519780203e-12,3.0730392624530883e-14,4.536524692134084e-18,3.7653128323120345e-16,2.689256916441436e-14,0.0007400477348750308,6.611464457124836e-13,1.2692466882114503e-09,2.1205846403089168e-08,1.2293707140342836e-14,9.684980819060819e-19,9.184157081309038e-17,9.073242078813843e-11,0.00014595406776979613,6.746048915356976e-15,3.27976057522089e-11,1.1325058017512477e-17,3.5812502703292607e-13,6.791788233688836e-13,1.6767649629765055e-06,1.2214087366336453e-22,1.4388489928845643e-23,1.3357999386735998e-23,1.1547040927234918e-18,3.8120448299732564e-10,1.1198870305822638e-14,1.8200325853931582e-13,5.9184421732741e-25,4.7205140955016016e-17,2.7183524327890098e-17,4.624801401879063e-10,7.530072106930377e-18,4.065045150620406e-19,1.6199206252276402e-14
0.028999999999999998,1.9263586407876272,2034.3051571181522,0.16474222758636076,0.6947050381094242,0.0,9.740568608350622e-08,0.0038539366607301426,2.5170111224882832e-08,0.007391911551470373,0.10632856122824233,4.022182345272679e-09,6.208575774444705e-09,0.00017127881082207208,0.0006955607893666393,0.00110307666377399,3.658640580953518e-83,2.3823086928674675e-24,2.3995774913448572e-06,5.03354741904145e-07,0.030203184553577234,0.1167113296482326,4.30542269075265e-08,1.8505792626501448e-08,1.1555169835088486e-07,1.1156728855842756e-07,1.2249681376951732e-08,1.0034958211286506e-09,1.8588446480361606e-07,2.596454031595264e-11,1.9488061481234684e-09,6.662716013184656e-09,2.8133903090406464e-11,3.833797174744473e-08,3.704521459969002e-11,2.506353789177162e-11,1.765041042845081e-14,8.957975803617631e-15,2.34467478563072e-09,4.2854078612966626e-14,6.029272876670681e-13,1.2051563342812385e-12,6.641119792068201e-07,0.004709916949301653,9.024814189362209e-08,1.2302671782567494e-07,0.003470193613827996,1.347281958977363e-07,1.691423009660473e-11,0.010483835877239967,0.00045339758068249614,1.269664936959202e-06,7.613157033741937e-08,0.016393774091363188,0.002303013008395337,1.9437489179093617e-07,1.2829639547107014e-05,5.575699960958682e-10,1.003429516095148e-10,3.5388184902918754e-11,1.2060130248868311e-14,2.460739915044667e-23,5.8376354755201316e-24,1.5794838568937305e-09,5.507163205641263e-15,4.183180833001808e-14,4.6518620497634866e-10,2.8001595104084404e-05,1.1800373490828733e-17,3.1331061654516025e-12,2.770167581215168e-16,4.8123805928026806e-11,1.6462361769749247e-21,1.0311261186587966e-20,6.738598752513081e-14,9.119707215150536e-13,1.944700372336645e-09,6.781369895339124e-16,2.0134453980255253e-20,3.205498988805304e-18,1.463552627189135e-11,3.362321805153718e-08,1.1668687047216159e-17,2.2902962516495036e-13,1.4037451389259074e-13,1.4730428849336075e-12,7.526060594851799e-12,6.686607131130509e-11,4.3159698618690286e-14,1.7911691984320597e-22,7.014117897087979e-24,8.160287496346252e-28,8.165155552294897e-18,1.998136742516237e-17,9.232222321928e-19,1.1867626035954638e-11,6.287915864182506e-13,2.7137113154146885e-12,5.614474698010333e-16,4.310378466877902e-06,1.9081272678479168e-18,5.135147877982197e-10,1.4492193967821857e-13,5.32482535510196e-17,2.1810655024066124e-10,5.293194490234343e-25,1.7551086732080437e-06,1.407288149236871e-10,1.7832824256653897e-18,2.0184415680517712e-16,5.46586784978654e-26,0.0001876181862631255,1.4332753422756986e-07,8.386585007200057e-14,6.591875202841693e-16,5.9185734695111965e-12,3.187363605743656e-14,3.188863322751408e-18,3.746514806079774e-16,2.721174622757196e-14,0.0006338868811513172,5.523747926760438e-13,1.1886851694458867e-09,1.8959347227454898e-08,9.843439826195578e-15,7.004428408199788e-19,6.981378635299881e-17,6.956187022309663e-11,0.00014558404853668656,6.8914009672650616e-15,4.344424823788515e-12,7.579758719855514e-18,3.315858515380261e-13,6.223514264960688e-13,1.6763615411022327e-06,9.680124491541841e-23,1.1530633535906856e-23,1.0556614268600584e-23,7.7476085777854595e-19,5.3488939468137526e-11,1.4645423058285332e-15,2.111105854084257e-14,4.81517955988657e-25,4.9861146710917864e-17,3.3836041592025814e-18,4.458501989574931e-10,5.274306152006157e-18,5.129165030731345e-20,1.4863718892623823e-15
0.029249999999999998,1.9460973891126019,2057.522697228476,0.16307129097906897,0.6946354386694978,0.0,9.224676713018492e-08,0.0036257433224999966,2.3410612380695797e-08,0.006401723024608333,0.1071165458191753,3.235024796425631e-09,5.224341032061141e-09,0.0001492721891899656,0.0005842802144129398,0.0010719333335901468,3.659717057046756e-83,2.382157565354597e-24,1.92500630440473e-06,4.043496326441084e-07,0.02934931639538745,0.11821712239219341,3.6387832627416396e-08,1.7221819531340924e-08,1.0462593136076867e-07,1.0143452332115664e-07,1.2499631616010967e-08,1.0118242487121838e-09,1.9370485117978562e-07,2.851738517316497e-11,1.691229405831169e-09,5.588241317841648e-09,2.239654469111165e-11,3.894089531892713e-08,3.059726258619546e-11,2.2465666314576506e-11,1.3419855579907095e-14,6.7501960749499056e-15,1.9407937789032964e-09,3.590166116559155e-14,4.790917253354592e-13,1.1065808721434711e-12,6.561120741734908e-07,0.004740476522597092,1.0416134696932396e-07,1.0723504795504894e-07,0.0033790897514162565,1.2451351168667897e-07,1.3597632136340225e-11,0.010669382327473437,0.00041915326268469313,1.3212400077788893e-06,7.586616166380508e-08,0.016157915750804448,0.0026543307817263858,1.7030033015067198e-07,1.3045446244263888e-05,4.467586466921478e-10,1.1196966117171146e-10,3.100856216155606e-11,1.3644221230312679e-14,2.393846240483413e-23,5.6925291769949936e-24,1.1647310023983613e-09,5.143249400390367e-15,3.8042970527878786e-14,3.948209081065408e-10,2.582538595277643e-05,1.0572705577130103e-17,2.1160868343377926e-12,1.9732165109025393e-16,5.260551977339862e-11,1.3707354372211213e-21,8.408501992266303e-21,5.689138465144717e-14,1.0679471317561138e-12,1.761237703702967e-09,5.186668303886334e-16,1.1997193204131266e-20,1.9404494505929996e-18,7.918162348971797e-13,3.405081874769197e-08,9.215344506925189e-18,1.651521395844502e-13,1.415677067450367e-13,1.1575681543920884e-12,8.482718532784691e-12,6.932175022398728e-11,4.163743971098539e-14,1.4521949502334335e-22,5.940749022533055e-24,5.381963921550257e-28,6.869962630056757e-18,1.7198662590420862e-17,7.953237089250024e-19,9.140526117249487e-12,4.535342970901956e-13,2.4104426891065656e-12,4.637355877956313e-16,3.93444252104894e-06,1.0072511212060216e-18,3.9564391097754234e-10,9.496725384653224e-14,3.46035688382698e-17,1.2741945960438343e-10,3.5345943436951693e-25,1.7607366551027576e-06,1.1306083991777263e-10,1.10645603732872e-18,1.6005465008284985e-16,3.544793912957652e-26,0.00015654497567685585,1.5089282340722098e-07,7.285831023173797e-14,4.820329198158089e-16,4.811344761811361e-12,3.349600976720799e-14,1.761457530823771e-18,3.607564795399154e-16,2.6889368926149912e-14,0.0004749905865046409,4.045622497514783e-13,1.0631493768331433e-09,1.5795033294210258e-08,6.4970908647722305e-15,3.9417622867398107e-19,4.3056843123766356e-17,4.441152541833877e-11,0.0001447642380893166,7.087127266931331e-15,4.942088710636226e-13,3.900379576258729e-18,3.0384194935196585e-13,5.618230006362001e-13,1.6753903207710078e-06,6.570325919331158e-23,7.958833275399973e-24,7.134146634255687e-24,4.0022192239942182e-19,5.995380762995923e-12,1.511184688055129e-16,1.8666380421202994e-15,3.4021553712548318e-25,5.397092907714115e-17,3.132499985592839e-19,4.19110878818108e-10,2.9109321764877926e-18,4.848441726914618e-21,8.867844382791166e-17
0.0295,1.9615483739714938,2075.675975082333,0.16178678936734672,0.6945996265948341,0.0,8.433901998319205e-08,0.0034203476231786448,2.2099365032766843e-08,0.005644303392686755,0.10779768191745889,2.611103072620307e-09,4.391689136273696e-09,0.00013210514218685464,0.0004994777909364294,0.0010435015822198332,3.658398452632544e-83,2.3825122909598437e-24,1.5931198601613783e-06,3.336896827223922e-07,0.028784344759334727,0.119216843662037,3.1334920916712025e-08,1.5838259587497697e-08,9.5011779848272e-08,9.205184076851066e-08,1.2411626204986136e-08,9.917783184148519e-10,1.9702123307345861e-07,3.066726994294932e-11,1.4704583158447093e-09,4.771674520312992e-09,1.821225213163926e-11,3.8946599414610404e-08,2.559129736356708e-11,2.0117197379612675e-11,1.0482228808826646e-14,5.216371180482701e-15,1.6254822012026724e-09,3.0712224421902685e-14,3.9006320311205207e-13,1.0086105915038218e-12,6.422296083168364e-07,0.004763814623647108,1.2399585686964328e-07,9.604954122899636e-08,0.0033047793469888355,1.138463494310652e-07,1.1088894761001744e-11,0.010828789612543651,0.0003846845424211725,1.443563394449038e-06,7.274706564234466e-08,0.015914994671776383,0.002982592842148909,1.529874626953072e-07,1.3255470180564837e-05,3.5437538503350695e-10,1.1646845194425151e-10,2.6330800085088177e-11,1.427951633902809e-14,2.1292767966808227e-23,5.072765876349823e-24,8.63353177771636e-10,4.6338640709921724e-15,3.358177816526846e-14,3.413627643373522e-10,2.3894540610929963e-05,9.098145870785123e-18,1.459554472391864e-12,1.4470629286509658e-16,5.364983862815161e-11,1.0823534141813605e-21,6.547237471133452e-21,4.653015214531306e-14,1.1910795360342698e-12,1.6021462246290884e-09,4.0407708219907326e-16,7.631208626908567e-21,1.2174583738543124e-18,1.678272932395358e-13,3.399485232874223e-08,7.183928621588264e-18,1.2401245628030336e-13,1.3984580640552473e-13,8.978286151949237e-13,8.938607976497231e-12,6.771674988552722e-11,3.878964136007201e-14,1.1231469272729594e-22,4.762508775597009e-24,3.506408325195838e-28,5.619173092929165e-18,1.4313284525141066e-17,6.624630207041399e-19,7.081381011464107e-12,3.3760258253747953e-13,2.16127294560118e-12,3.8897737419466974e-16,3.563823936606206e-06,5.915982248971947e-19,3.05082421200061e-10,6.359931925541993e-14,2.31040556677674e-17,7.863852858109073e-11,2.363510817718711e-25,1.7652682171439192e-06,9.048161615098279e-11,7.150299147760256e-19,1.2524464362029432e-16,2.3397007610639618e-26,0.00012950478398421718,1.491687293245946e-07,6.278421041519742e-14,3.6325144584401527e-16,4.283070749375981e-12,3.333952968682458e-14,1.0366173295778709e-18,3.363383366036474e-16,2.5574905855768552e-14,0.00035921877781415945,3.047573772577932e-13,9.580684263037474e-10,1.3480364478903408e-08,4.399003823078875e-15,2.3326144404743087e-19,2.75623765959622e-17,3.0651426428083895e-11,0.00014385587377026412,6.925963710931273e-15,2.243075337292939e-13,2.246491444930793e-18,2.921414050808016e-13,5.341958242721325e-13,1.6741438151023663e-06,4.667651345314508e-23,5.726350961812093e-24,5.051381910849729e-24,2.312105509990102e-19,2.4340792015028066e-12,6.04217824962907e-17,6.380250900873791e-16,2.4925270118221605e-25,5.4856411432276066e-17,1.0813818200088489e-19,3.973172688043273e-10,1.7696868999317817e-18,1.7007000912829623e-21,2.0268710898240946e-17
0.02975,1.9739384200708943,2090.283505617871,0.16077128363618856,0.6945760232913776,0.0,7.503071254115919e-08,0.0032373909883025307,2.1040980933968898e-08,0.00503662238849329,0.10836468221953377,2.13076312358895e-09,3.710648670170801e-09,0.00011854623991524991,0.00043343147629251635,0.0010188088453166252,3.65638750127024e-83,2.3832624113187556e-24,1.3486975526293058e-06,2.813887257637214e-07,0.028342716129009075,0.11999700168098677,2.7397034586227385e-08,1.4502635834878336e-08,8.670292717479723e-08,8.360871130736622e-08,1.1961595630832163e-08,9.43132695650738e-10,1.946471113721073e-07,3.193128950488038e-11,1.284883285322269e-09,4.134818466716807e-09,1.5086813174073673e-11,3.828698213242701e-08,2.1398468779646084e-11,1.7901241854989026e-11,8.384281359089013e-15,4.111298502663268e-15,1.3782479665474672e-09,2.6638054564729853e-14,3.217095901292686e-13,9.080472150556437e-13,6.257302492652842e-07,0.004781683185906234,1.4609409205857852e-07,8.767621203683873e-08,0.0032427066097545985,1.0315609466627283e-07,9.143930940845427e-12,0.010967224856905855,0.00035108646993232826,1.5755889775604166e-06,6.766981296697368e-08,0.015671941205949003,0.003289175688837313,1.3987291168763643e-07,1.3451711236394163e-05,2.7916020713441433e-10,1.1516084148343557e-10,2.1869333402229266e-11,1.4128549602739103e-14,1.7700716417303453e-23,4.2232260684218865e-24,6.42563108065663e-10,4.061273505566924e-15,2.8958219536817854e-14,2.989078701395868e-10,2.2151974246695113e-05,7.594520953696039e-18,1.0208701018733015e-12,1.0772867161932679e-16,5.2021936200843916e-11,8.188380565943068e-22,4.910102705253929e-21,3.72314130627982e-14,1.2763006000169793e-12,1.4685756703917394e-09,3.199808497743296e-16,5.085587972077659e-21,7.829573678422288e-19,1.1138305723300394e-13,3.361700260594244e-08,5.5485505540939e-18,9.598547254056997e-14,1.3453990763229706e-13,6.901558784494316e-13,8.959570604333552e-12,6.345649697172122e-11,3.5148775522744864e-14,8.369155906044233e-23,3.655282547078913e-24,2.251405059176146e-28,4.478015089947558e-18,1.1563553073731999e-17,5.356293523338797e-19,5.50405294861741e-12,2.562759205267217e-13,1.9510047209868157e-12,3.291185636627064e-16,3.2238983937465504e-06,3.7826761345511777e-19,2.353303109420314e-10,4.3216028919592146e-14,1.5707343213540523e-17,5.056811123752605e-11,1.5737916618576904e-25,1.7688420327668862e-06,7.216598030293837e-11,4.74650937093568e-19,9.706357472240381e-17,1.5618837613522129e-26,0.00010640335148997163,1.4112798010141388e-07,5.3598373457228416e-14,2.8043340370818966e-16,3.9189757371247095e-12,3.182516403122288e-14,6.383486862429852e-19,3.05577922445634e-16,2.3608356384048487e-14,0.0002742847754865713,2.3489749525606245e-13,8.681259713698291e-10,1.1699869197655286e-08,3.042571653549666e-15,1.4330940443557612e-19,1.8089844463601142e-17,2.258564212516669e-11,0.0001428677937369492,6.506551234213327e-15,1.9442893173084076e-13,1.4143291557659265e-18,2.8806112428737555e-13,5.22055022776049e-13,1.6726025217226263e-06,3.4138819936236125e-23,4.2301290042186986e-24,3.684852254875832e-24,1.4591556981338683e-19,2.151156825211714e-12,5.0807900418202914e-17,4.9480948814350445e-16,1.8680651097620265e-25,5.316435485872742e-17,8.28735431463748e-20,3.788611181545609e-10,1.1631290870807426e-18,1.3199371325021543e-21,1.427458296553642e-17
0.03,1.9840513538452884,2102.269103034347,0.159951814250436,0.6945579498683424,0.0,6.540252475209719e-08,0.0030745876163633884,2.0162152163441602e-08,0.004536878654427873,0.10883461790185747,1.7608144643812341e-09,3.158444532027623e-09,0.00010764106406786521,0.00038095596359713117,0.0009975632739342931,3.654186734195845e-83,2.3844111301385937e-24,1.162484019014984e-06,2.4153874095781386e-07,0.027970463937022037,0.12065195301371406,2.426925466507811e-08,1.3271382502597653e-08,7.955534463245916e-08,7.613141670210836e-08,1.1278962222597343e-08,8.775290117584928e-10,1.881277750759517e-07,3.235628333734503e-11,1.1298623821981627e-09,3.6288133493107677e-09,1.270295945897508e-11,3.714057246689992e-08,1.7907858482943317e-11,1.5879608898437787e-11,6.847854398669357e-15,3.2996118442953926e-15,1.1825832164744017e-09,2.3381481440613742e-14,2.6815236942584486e-13,8.113961102758436e-13,6.08233464974188e-07,0.0047954285945115156,1.6956446845530766e-07,8.117386116063545e-08,0.003189791601147066,9.288269833479654e-08,7.621107964226581e-12,0.011088275641582159,0.00031917730508191744,1.706165140479609e-06,6.150698378226418e-08,0.015433282952655501,0.0035755648676309825,1.2956649025670018e-07,1.362859481655182e-05,2.1903646229619873e-10,1.0977369557949962e-10,1.788906392107443e-11,1.3417083756441208e-14,1.3994904372756598e-23,3.3430639865254075e-24,4.803042818359701e-10,3.487648253318273e-15,2.4542400831648556e-14,2.643979920256755e-10,2.0580979518488173e-05,6.204307895144812e-18,7.221770421424746e-13,8.092616678540489e-17,4.860980162024526e-11,5.99849929459505e-22,3.578492496835847e-21,2.936181083932822e-14,1.3275016645002333e-12,1.3565173607809015e-09,2.5724642025981015e-16,3.520955679030732e-21,5.136726632918241e-19,8.904457304613595e-14,3.302731282763937e-08,4.26239826420501e-18,7.61420284298095e-14,1.2689785988055222e-13,5.279380638849675e-13,8.651429838245845e-12,5.771651314935973e-11,3.1187663701380335e-14,6.065944052044134e-23,2.7145432874390912e-24,1.4293883521302165e-28,3.500594475317517e-18,9.140097913616212e-18,4.236831776538861e-19,4.290153420089124e-12,1.9750733952961323e-13,1.7715968945885772e-12,2.8027315530144524e-16,2.9209038564254455e-06,2.596575426613104e-19,1.8173361171989614e-10,2.972627110994372e-14,1.0835769716730242e-17,3.358094448128621e-11,1.0451581012467632e-25,1.771612360856237e-06,5.744171367519778e-11,3.2164270063350297e-19,7.479138141889279e-17,1.0533451006640515e-26,8.700754870388023e-05,1.2937199683960446e-07,4.539927697571512e-14,2.210235623571799e-16,3.6343324216124576e-12,2.9445999746317016e-14,4.0717815767941823e-19,2.722098148829225e-16,2.130431229499104e-14,0.00021152206864441235,1.8467089569724268e-13,7.905597948783919e-10,1.0289156930180822e-08,2.142714756418706e-15,9.073142808093936e-20,1.2108674177932517e-17,1.76042079447073e-11,0.00014180828472410686,5.936025785215662e-15,1.8049514643326906e-13,9.587430384329502e-19,2.8781606424119013e-13,5.177603418429077e-13,1.6707591796434988e-06,2.5522774709048247e-23,3.187922070716681e-24,2.7490205578605214e-24,9.910821320466842e-20,2.0962373290192807e-12,4.6844814545204755e-17,4.297357816060854e-16,1.4245128641791548e-25,4.974257389355588e-17,7.108224138332901e-20,3.628280731975837e-10,8.165482169133647e-19,1.1437841251898896e-21,1.1970558212236881e-17
0.0305,1.9989623166692072,2120.1178256402345,0.15875867742338434,0.694532957382438,0.0,4.856658047216239e-08,0.0028074303360453522,1.8894143007215063e-08,0.0037892172593299855,0.10953227787426639,1.265646085017462e-09,2.377484203588022e-09,9.171703346346513e-05,0.0003058065854734445,0.0009640129220377064,3.649734529207984e-83,2.388062143214435e-24,9.080935492125872e-07,1.8716371674803097e-07,0.027374349854106736,0.12169128220958618,1.9830509031635833e-08,1.1285427709770215e-08,6.871396103980019e-08,6.445429551259983e-08,9.729471434539514e-09,7.375821580220552e-10,1.6975581695661624e-07,3.15012273358845e-11,9.024598150407753e-10,2.9195970435089553e-09,9.514891647522803e-12,3.432626923771927e-08,1.2843216465897435e-11,1.2667701531597053e-11,4.9119499302247154e-15,2.2756619525501262e-15,9.108926674096583e-10,1.8800144196264644e-14,1.9455898909577736e-13,6.509899591587401e-13,5.743921269075953e-07,0.00481349682969193,2.1780509552829427e-07,7.203685736197562e-08,0.0031054567795188574,7.548671777450384e-08,5.552488697618386e-12,0.011284208850692624,0.0002626934000424054,1.948266112623615e-06,4.916887758418988e-08,0.014991989051775153,0.004077069936543295,1.1475339659690649e-07,1.3908795565685429e-05,1.3748714536720838e-10,9.403283413562915e-11,1.1899645409978084e-11,1.129042421970693e-14,8.180694726708285e-24,1.9576390542337772e-24,2.792738540558454e-10,2.5176334673113782e-15,1.737597251143602e-14,2.1362879170171137e-10,1.798810090955339e-05,4.071614596262114e-18,3.8306792015075263e-13,4.766179354502089e-17,3.99552120248084e-11,3.135115522777157e-22,1.8627092554931996e-21,1.825879342948952e-14,1.3589853294880926e-12,1.1857393953762706e-09,1.7625638701863194e-16,1.9042735404684465e-21,2.401818132267419e-19,6.029227943751565e-14,3.1729353345481905e-08,2.5769384848181706e-18,5.172048957439419e-14,1.0975676793491127e-13,3.158301559836878e-13,7.558104352648972e-12,4.5704767710818964e-11,2.3912312970862204e-14,3.134729887625496e-23,1.4527092960433992e-24,5.917132872465202e-29,2.1367399362858915e-18,5.67049188076569e-18,2.6316100113225763e-19,2.6911440097270213e-12,1.243899422156571e-13,1.4927512603676106e-12,2.0967567742572907e-16,2.448248379719272e-06,1.4778662418194229e-19,1.1170644765948051e-10,1.4985618270858258e-14,5.5162126413691806e-18,1.6430694195663372e-11,4.805547856726705e-26,1.7750911506440752e-06,3.71621110474849e-11,1.5997446264897184e-19,4.5441462854788183e-17,5.122937486015266e-27,5.894324911357426e-05,1.0364887489622631e-07,3.264199309380429e-14,1.4729657537391198e-16,3.218705756366305e-12,2.4115520362568384e-14,1.8651447785938774e-19,2.107270964523807e-16,1.6810365213433333e-14,0.00013506199072790834,1.2239116653120437e-13,6.68686695021923e-10,8.268422987352131e-09,1.1424505569079208e-15,4.0640852662386604e-20,5.875717335714646e-18,1.2398755753836258e-11,0.00013949334301377784,4.749917297697848e-15,1.53791741888647e-13,5.3571439986215165e-19,2.9180273126949634e-13,5.190317579567535e-13,1.6661088027319694e-06,1.5357935613592784e-23,1.940729497041437e-24,1.6490514341714464e-24,5.554035595173329e-20,1.937408100709662e-12,3.965951908592014e-17,3.2702228285932616e-16,8.824718243569331e-26,4.1307324495753787e-17,5.304559678784578e-20,3.36471778938182e-10,4.804387718618181e-19,8.664840995689883e-22,8.694382536762728e-18
0.031,2.0100843159851793,2133.541959551935,0.1578802496441783,0.6945137952065327,0.0,3.468394361115123e-08,0.00258775360949177,1.7738366771752736e-08,0.0032288513513830273,0.11005054153666212,9.343236352530725e-10,1.819090489093496e-09,8.015882843050498e-05,0.0002526158077312853,0.00093803342678617,3.645442554098771e-83,2.3940043659625773e-24,7.359217952734914e-07,1.5053801371668653e-07,0.026896586281749138,0.12251890840399732,1.6667427368380012e-08,9.58625491108082e-09,5.972564718929592e-08,5.470055712133311e-08,8.148308470373703e-09,6.033941440061989e-10,1.4845494396680973e-07,2.926959667001237e-11,7.298152932204369e-10,2.393752420564476e-09,7.329162744206295e-12,3.0941197552423876e-08,9.325498692659313e-12,1.0060822493136679e-11,3.6234455595245245e-15,1.6168509548856036e-15,7.16471045986467e-10,1.5444083896329864e-14,1.4420394428200748e-13,5.165956641960764e-13,5.426291441681361e-07,0.004825115178886164,2.693906327928845e-07,6.555254940771148e-08,0.0030358858583718605,6.11405328829166e-08,4.200826144996033e-12,0.011444074605039625,0.0002150255682769223,2.1760634390931697e-06,3.755641136716317e-08,0.01457948687870424,0.004528248693135711,1.0392464177447046e-07,1.4109453014252904e-05,8.575249360770337e-11,7.612902430118162e-11,7.716042702873346e-12,8.841838158206099e-15,4.356365869387235e-24,1.0438470955547464e-24,1.6366673299366543e-10,1.7495890087297384e-15,1.1902276806332641e-14,1.7649055289051236e-10,1.585269919389976e-05,2.580155601269714e-18,2.073143590482041e-13,2.822643424535274e-17,3.075342318010139e-11,1.5367214655443218e-22,9.141476083815832e-22,1.1112575530783768e-14,1.3213627892230242e-12,1.0562378816012566e-09,1.2441102275615738e-16,1.101088823812548e-21,1.1663919201556306e-19,4.0807665664506446e-14,2.9909437937339256e-08,1.5311629961570265e-18,3.6639444558790204e-14,9.241660034893868e-14,1.8852660303109073e-13,6.165548316262485e-12,3.436217634811024e-11,1.7596548827254698e-14,1.537071695966873e-23,7.278382077332167e-25,2.3864556382102055e-29,1.2918273006704809e-18,3.470182448368436e-18,1.6119321743581153e-19,1.691639440422878e-12,8.122022299778768e-14,1.2764306813433723e-12,1.5953082310749764e-16,2.054145628550379e-06,9.786341777805248e-20,6.876362973664068e-11,7.741526187491714e-15,2.886236618275038e-18,8.500423368781785e-12,2.2125608164047113e-26,1.7771955025616325e-06,2.3902334693841343e-11,8.245462149568966e-20,2.7109920350113116e-17,2.5231172435632435e-27,3.948084445678105e-05,7.861231798874511e-08,2.2987688392581648e-14,1.0204591922018919e-16,2.9000518511702075e-12,1.8463717898211927e-14,8.999228272777511e-20,1.5674217683123482e-16,1.2682972703225183e-14,8.831758673130609e-05,8.40311348469577e-14,5.732168275913081e-10,6.823950686296312e-09,6.299679840515189e-16,1.9035878092213817e-20,2.956327602878565e-18,9.872532932102278e-12,0.0001370177264276413,3.5679619464371675e-15,1.2587778125432247e-13,3.4993448394300544e-19,2.978265814404696e-13,5.251010506261016e-13,1.6605000597017104e-06,9.683582587399958e-24,1.234165975868575e-24,1.0373887232059862e-24,3.6358795248140205e-20,1.692262819818331e-12,3.2357457713739427e-17,2.410091721226556e-16,5.685540010890511e-26,3.189400804154718e-17,3.850802890970778e-20,3.143688169011508e-10,3.2613018358652705e-19,6.36065371053218e-22,6.2001819312571175e-18
0.032,2.0245344035077726,2151.219421437761,0.1567533814509313,0.6944913641490367,0.0,1.8204988840812747e-08,0.0022674932913126825,1.588072069269225e-08,0.00249749212852245,0.11071657983647631,5.651750836903611e-10,1.1576061229531826e-09,6.53217153677507e-05,0.00018702577144646485,0.0009021120156837681,3.637605563913327e-83,2.4159968416019656e-24,5.335045967842442e-07,1.076255609975089e-07,0.026212443527776564,0.12368979741511744,1.2789885906744884e-08,7.1699458016581554e-09,4.701460769227289e-08,4.104863217219449e-08,5.888862336191766e-09,4.241245416743482e-10,1.1681386078567003e-07,2.502472456007689e-11,5.105637847103485e-10,1.7280977007844548e-09,4.795048915744936e-12,2.5197131928293102e-08,5.60028155451994e-12,6.8105283262495855e-12,2.2004824117596025e-15,9.26522856943058e-16,4.821013372194524e-10,1.1284231029643284e-14,8.852169833273903e-14,3.4578058904435666e-13,4.905911182714314e-07,0.004836744386920886,3.721597042530448e-07,5.7459803928324333e-08,0.0029271664247022106,4.30326554726593e-08,2.7955345848311455e-12,0.011678920812135033,0.0001472254272094744,2.563230337990448e-06,2.2027791788089155e-08,0.01388656834039592,0.005261204664077978,8.962112561278602e-08,1.4284738433818152e-05,3.7065944328420015e-11,5.003202513781988e-11,3.4746059420753645e-12,5.229387059874734e-15,1.269313632418045e-24,3.0466467264233587e-25,6.449221519033252e-11,8.755130246835637e-16,5.8453027735796355e-15,1.2952300216454424e-10,1.2809507743037126e-05,1.1021235549670488e-18,7.206343868942745e-14,1.121712471941658e-17,1.7781860773910785e-11,4.021320944711238e-23,2.4168714923438834e-22,4.495603809357764e-15,1.1874257822988245e-12,8.828765970943491e-10,6.990519440256559e-17,4.609286226065879e-22,3.429393482934783e-20,2.1040173609080444e-14,2.6126921741983853e-08,5.978194057122249e-19,2.105991431018839e-14,6.836050484400352e-14,7.668957085619605e-14,3.9383669846608594e-12,1.9432014919921596e-11,9.712549802016764e-15,4.156205633943049e-24,1.9776376794056683e-25,4.656953642317887e-30,5.802771132518435e-19,1.5838420543227772e-18,7.365899539424986e-20,7.489939999423531e-13,4.115201388397702e-14,9.845370674394378e-13,1.0312520614727887e-16,1.5016267132527315e-06,5.862974028589264e-20,2.93431956496093e-11,2.497330350912457e-15,9.561511893524862e-19,2.8650255734663936e-12,5.787329538744303e-27,1.778935578206239e-06,1.0904103153283725e-11,2.686664757268951e-20,1.064594832974708e-17,7.353398965988994e-28,1.9222516771483664e-05,4.497219935105639e-08,1.2051099083637983e-14,5.617811231955937e-17,2.4612684007090105e-12,1.0566256988358266e-14,2.669567032289564e-20,8.820454234921526e-17,7.270878979374324e-15,4.492818083856772e-05,4.508912811973956e-14,4.433478460742267e-10,5.024276799284609e-09,2.31079684791899e-16,5.282722164575163e-21,9.24615470102241e-19,7.890441135532134e-12,0.00013171586563432057,1.98416258719479e-15,8.64193437844195e-14,2.0596100387388583e-19,3.0772032608500213e-13,5.360744980101403e-13,1.6464335590763076e-06,4.6705842980948365e-24,6.018201000100749e-25,4.988723462699431e-25,2.1460823358771976e-20,1.2702127540074848e-12,2.2124093316347163e-17,1.3825582903200775e-16,2.820168897469574e-26,1.8381668704951646e-17,2.1647623748416244e-20,2.79717549781226e-10,2.0182021135870035e-19,3.627795418814438e-22,3.4246022829211985e-18
0.034,2.0399778761976406,2170.3804455226445,0.1555666937943014,0.694471809224974,0.0,5.99969221754104e-09,0.0018793986883193416,1.2966877534892308e-08,0.0017337449650874526,0.11140257262120125,2.6405438029766157e-10,5.754607004155732e-10,4.994311400212893e-05,0.0001236216065334065,0.0008622077131434591,3.625298103460958e-83,2.8315313620947584e-24,3.4768362389728044e-07,6.852281362015793e-08,0.025421156730866246,0.12502729457926895,9.086164585652679e-09,4.412214191697533e-09,3.1852774772136324e-08,2.5605395930523228e-08,3.728548284235116e-09,2.765147575343402e-10,8.99912256609921e-08,2.1152492514751468e-11,2.927061829664445e-10,1.0455904435415963e-09,2.5385972293805556e-12,1.7991868345791616e-08,3.0820173266408342e-12,4.057218502975296e-12,1.0107353826896841e-15,4.05371949666506e-16,2.635726151776385e-10,7.11031449156967e-15,4.469315170924793e-14,1.9920762573801634e-13,4.201204794910732e-07,0.004844488871845332,5.660705982451279e-07,4.905012588602248e-08,0.002766960841571956,2.712076394551509e-08,1.7614370125597215e-12,0.01198183442493104,7.740303796681359e-05,3.1368180492919828e-06,8.579229233507707e-09,0.012867976357995033,0.0063131525630980186,7.342133690898628e-08,1.4157551426093113e-05,9.753414478351401e-12,2.6770120827855033e-11,9.272187419444281e-13,1.9604670484959237e-15,1.463287484351672e-25,3.518656202027548e-26,1.4888725900725904e-11,2.676870990683288e-16,1.7517026125582396e-15,8.298185579459723e-11,9.316011529887839e-06,2.6560612924692335e-19,1.3947152975852649e-14,2.556726085237228e-18,6.494477037823136e-12,4.1347705722318975e-24,2.6394257818815615e-23,1.021817213906009e-15,9.422760491496697e-13,6.942203239914298e-10,2.928246165523703e-17,1.3359732567360923e-22,5.2907926027712724e-21,8.570438093916746e-15,1.9299055593965063e-08,1.2568841712162167e-19,9.316745370461579e-15,4.810711030551374e-14,2.009898200169776e-14,1.6798112558143135e-12,7.072204999380664e-12,3.4610281847205595e-15,5.601020329667447e-25,2.2318218764614543e-26,3.3592187702696562e-31,2.4337558176573656e-19,6.754769423923155e-19,3.146214567062902e-20,2.0502347926947825e-13,1.6679721192187687e-14,6.694340908095812e-13,5.862234678545045e-17,8.768547135273444e-07,3.391535781085258e-20,7.662212305337338e-12,4.3982553815490104e-16,1.7600186144628265e-19,5.675039268428155e-13,7.593972747219369e-28,1.779739085966948e-06,3.0817453904316493e-12,4.842082584572119e-21,2.2535518517963874e-18,1.0336384318872445e-28,5.9661937170335685e-06,1.6573933404742887e-08,4.093504697179935e-15,2.3281573986093998e-17,1.9390082704209148e-12,3.685423752991178e-15,4.170262188586943e-21,3.2306617980325357e-17,2.716629335325972e-15,1.7050301865539266e-05,1.7288155469166102e-14,3.021288754442479e-10,3.248909131750077e-09,5.084414208215152e-17,7.168563450709776e-22,1.5828936410482317e-19,6.797210678631747e-12,0.00012073485847998954,6.671403731816831e-16,5.098976590265685e-14,1.1691195231296088e-19,3.1426671277362927e-13,5.4013361255363e-13,1.6108528047203056e-06,1.773958047815127e-24,2.3122957798240603e-25,1.8888492572529814e-25,1.2219419776947261e-20,8.291543829473646e-13,1.3000932478820855e-17,6.191149813726481e-17,1.1036390081224348e-26,6.420620209081134e-18,9.479911167169228e-21,2.304791405559495e-10,1.2088391570764027e-19,1.6133667319764155e-22,1.5076521851286027e-18
0.036000000000000004,2.049165255128287,2181.8795696508387,0.15486921458353547,0.6944605310878845,0.0,1.8639414145668153e-09,0.0016252577770255012,1.0339551503629304e-08,0.0013036772901500037,0.11178984262846428,1.3687040077478747e-10,3.11784603173467e-10,4.114015477258938e-05,9.037420331713113e-05,0.0008385632161937253,3.618452349715671e-83,2.438941945910992e-24,2.538282918805125e-07,4.900002339824178e-08,0.02494014734642677,0.12583573879545554,7.1777488857851775e-09,2.7761352274147814e-09,2.1958886898952426e-08,1.6422352931952916e-08,2.694344790389849e-09,2.2094096199706818e-10,8.21118098580438e-08,2.0423616388685005e-11,1.772355603656299e-10,6.631276807840944e-10,1.459968514111426e-12,1.351476072666167e-08,2.2283683799144428e-12,2.9804771317803015e-12,4.903147391184878e-16,2.0164391777944433e-16,1.548076922063059e-10,4.7374333760950655e-15,2.6526445419281263e-14,1.4076355062981976e-13,3.7032727079724896e-07,0.004847222189885036,7.631483577074322e-07,4.408345851074375e-08,0.0026399083630440612,1.9871922001253184e-08,1.330583624610272e-12,0.012197052184105982,4.253871323422164e-05,3.593112348300709e-06,3.1074902984192157e-09,0.012063712628384954,0.007135258535361544,6.312560897865315e-08,1.3801456616753803e-05,2.7391149222539777e-12,1.763241697776968e-11,2.4624912438823964e-13,6.629171905637738e-16,1.4629498366272114e-26,3.5218634408799e-27,3.618409113372424e-12,7.802498211721806e-17,5.045428489306618e-16,5.835948487852237e-11,7.200737974603096e-06,6.395428682680482e-20,2.9543607936633095e-15,6.054815432825492e-19,2.145732627436575e-12,3.8635092519525133e-25,3.3825301845825515e-24,2.379267387646371e-16,7.537722084841931e-13,5.817477338131906e-10,1.3947279553192006e-17,5.0097708565547694e-23,9.45459612975193e-22,4.5811789976834565e-15,1.346215936873415e-08,2.5979483430929216e-20,4.6580962277624674e-15,4.079966119892663e-14,7.0379873246963425e-15,6.420439332823417e-13,2.3694144416604105e-12,1.166520103689773e-15,1.4661078194742358e-25,2.9730535918931534e-27,3.143447647334008e-32,1.5779748912730257e-19,4.420424277603402e-19,2.0615079410256367e-20,5.691950225415918e-14,8.784054116106658e-15,4.903986380910444e-13,3.991125660731347e-17,5.157580028444957e-07,2.3368821767575442e-20,2.1334234519000068e-12,9.087817758524357e-17,3.7339125930412075e-20,1.2770437281109802e-13,1.2292910679639224e-28,1.779932350096974e-06,8.719540802825523e-13,9.797036542543383e-22,4.678325692756538e-19,1.5714198427437122e-29,1.8193882167812686e-06,5.594716381143653e-09,1.34897153721682e-15,1.1196120535084013e-17,1.597322396863916e-12,1.1241820957448335e-15,7.211471709783509e-22,1.1131070746124361e-17,9.471453795719034e-16,7.017991233316527e-06,7.399156852480427e-15,2.2154293004864953e-10,2.309542390285636e-09,1.2906979303054961e-17,1.062577212770535e-22,3.2040744480490596e-20,6.351645983234908e-12,0.0001099866500438019,1.9795693730174584e-16,3.518127650014106e-14,7.966079275020687e-20,3.1071404451491084e-13,5.29607839659131e-13,1.5703494396478825e-06,8.878852704338534e-25,1.165159780241222e-25,9.436426097094879e-26,8.341192261366886e-21,6.071388982490673e-13,8.943509821946222e-18,3.386731486114392e-17,5.6224797983080044e-27,1.9486439319732973e-18,5.115520305617368e-21,1.933389708413017e-10,8.503949748310907e-20,8.785815688253649e-23,8.498121025435174e-19
0.04,2.058136989234993,2193.200683103471,0.15419411597648172,0.6944520064723817,0.0,3.326723381185092e-10,0.0013573496985778437,7.808285772007806e-09,0.0009126626568728233,0.11213640803462216,6.106108046921122e-11,1.4694808230504385e-10,3.277457702742981e-05,6.167304108673371e-05,0.0008160648968125485,3.6275723588663034e-83,1.9833713949250657e-24,1.7466030410571283e-07,3.273851135159228e-08,0.024479024521306156,0.12661267340652307,5.635476845890702e-09,1.5355584344608724e-09,1.385826997933637e-08,9.423421930946456e-09,1.974792337461649e-09,1.9198776852507965e-10,8.436583734489577e-08,2.2197615569122445e-11,9.490461465675144e-11,3.782208596909099e-10,7.429809710187486e-13,1.0193667131954394e-08,1.7565560892756521e-12,2.5429484146068012e-12,2.0525543302015954e-16,9.600974385394894e-17,8.061232604524635e-11,2.9211753220479878e-15,1.5367183181337038e-14,1.1296159063018084e-13,3.1510913015008454e-07,0.004848613656409902,1.06692599178743e-06,3.8761617070095113e-08,0.0024567844165768044,1.4788615152284764e-08,1.013231294144985e-12,0.012478194980765052,1.9006777093701058e-05,4.125651960881197e-06,7.691201030301441e-10,0.011060469767940548,0.008155545306508737,5.1827846319868364e-08,1.2849366968649795e-05,6.006194282072652e-13,1.3595882891009196e-11,3.6962299451741586e-14,1.3484811629772254e-16,4.822707302264642e-28,1.1628011798644631e-28,4.89427894552961e-13,1.2777930978923374e-17,8.167287635647993e-17,3.7373432603867774e-11,5.178113974175826e-06,8.25407092179406e-21,3.363603011225801e-16,8.111342468005506e-20,4.08986963745377e-13,1.1924733364633463e-26,7.349326397831894e-25,2.968587454881262e-17,6.045969958780883e-13,4.716327394035829e-10,5.610904816967551e-18,1.779306656555155e-23,8.760456351099768e-23,2.59901166616897e-15,7.997112794244363e-09,2.826893072068611e-21,1.9868763292179414e-15,3.8121861780967164e-14,2.9122667676728407e-15,1.6744950456347642e-13,4.609090841532656e-13,2.6279947528397375e-16,7.23173282888316e-26,6.917577500899133e-28,4.6468325763500575e-33,1.1157592081820507e-19,3.152600072056929e-19,1.4724237522513486e-20,9.000925905984032e-15,4.37954261540351e-15,3.2603956567175175e-13,2.674186284474236e-17,2.507650544449429e-07,1.4166011235164144e-20,4.3909016646175e-13,1.35531303478233e-17,5.346130773166548e-21,1.67221080689291e-14,1.0825374695080186e-29,1.7799851558682013e-06,1.4046424398334293e-13,1.0520811485835713e-22,5.113410610003487e-20,1.1716850159037209e-30,3.229192024694948e-07,1.096290847790176e-09,2.966842696424047e-16,4.657715546630525e-18,1.2294906058500638e-12,2.2152103605395198e-16,6.52000627805963e-23,2.556505570083124e-18,2.2006684903264038e-16,2.0543117256022934e-06,2.439310198868011e-15,1.4740904857967417e-10,1.4909647640571856e-09,2.586800148886876e-18,7.434773860365646e-24,4.46756886229198e-21,5.605400569798583e-12,9.086216352128726e-05,3.7205550207735807e-17,2.6262288958287438e-14,4.776673913069338e-20,2.82519972340305e-13,4.775876781019609e-13,1.4814105551819494e-06,4.074380006084063e-25,5.381700416751018e-26,4.3224773080091474e-26,5.010530212043743e-21,4.766802854658127e-13,6.645291191005831e-18,1.850668730291409e-17,2.6249895447979e-27,3.743906123792422e-19,2.757207288518072e-21,1.4390708227699712e-10,5.2608753029133157e-20,4.7777506997881824e-23,5.136556430365869e-19
0.044,2.0629970601860648,2199.3413804853203,0.15383086080838382,0.6944475229034754,0.0,6.183991601597374e-11,0.001205867935466192,6.405804547165983e-09,0.0007194477845345164,0.11230332462489986,3.565429434587646e-11,8.908418946435972e-11,2.8418212170598247e-05,4.811351333865126e-05,0.0008049624669236959,3.681546095028734e-83,2.1314348609876453e-24,1.3752222906841828e-07,2.5256511038154045e-08,0.02425320396789884,0.12700096847737818,4.933839721854423e-09,1.017300228424551e-09,1.0109687930917474e-08,6.451807758180709e-09,1.5841562515331856e-09,1.7163463438598505e-10,8.430250409534262e-08,2.2870459690647723e-11,6.191010939640803e-11,2.581643788374075e-10,4.728922162078936e-13,8.5169221591588e-09,1.4918273950990843e-12,2.365265826947272e-12,1.147500797669489e-16,6.18792917739666e-17,5.196952983195228e-11,2.1120661203808947e-15,1.0920981509688524e-14,1.0036817080887852e-13,2.8280377176113733e-07,0.004849098763369221,1.2977276534375106e-06,3.541866553063691e-08,0.0023139376210291242,1.242051241556244e-08,8.690037020579385e-13,0.012687572590404194,1.056012867342145e-05,4.419981579947585e-06,2.8748907987966264e-10,0.01040337671686267,0.00882265604118703,4.497359116407402e-08,1.1868718590614564e-05,2.8389379095108257e-13,1.2247382287658031e-11,6.722076525233895e-15,3.280666810075506e-17,1.6976074287931794e-29,4.110001343978965e-30,7.681671198481979e-14,2.235187023050699e-18,1.4197260970376143e-17,2.7677753135005405e-11,4.1412543907842614e-06,1.2526423620446932e-21,4.708982129840672e-17,1.5537213857043234e-20,8.102225503035073e-14,4.051493420171684e-28,4.997073298971037e-25,4.3609696798143426e-18,5.220853954482102e-13,4.1285044660426845e-10,3.088394657850864e-18,9.749275416712899e-24,1.0713305016512579e-23,1.8323092247144735e-15,5.355328839389512e-09,3.763144419377083e-22,1.1211718618879389e-15,3.567819632657877e-14,2.0011155283200194e-15,6.437858999387347e-14,8.602337946339491e-14,9.203625439086154e-17,5.403452183100646e-26,4.788460622512492e-28,2.4527306308401735e-33,9.06888811497559e-20,2.5741220507284545e-19,1.2032749206303114e-20,1.4801826358198989e-15,2.8317640802359938e-15,2.447182686629829e-13,2.0562761924400575e-17,1.4801900773702597e-07,9.539769662680315e-21,1.84512557139069e-13,4.917111336378208e-18,1.6879321917834165e-21,3.0415109137917237e-15,1.2938639508226642e-30,1.7799951367261336e-06,2.3330889588981258e-14,1.3417125515815078e-23,6.82365267726362e-21,1.2154909707784329e-31,5.733590537743488e-08,2.0529653983968257e-10,1.0188648312324959e-16,2.6655471511272874e-18,1.0144152187505431e-12,6.970149970732728e-17,7.416948777580977e-24,8.986382524171455e-19,7.78406955433729e-17,6.515338267899933e-07,1.1156939395695934e-15,1.1069253957412609e-10,1.101548869373724e-09,1.0969629752046207e-18,6.859965922432671e-25,1.4540295587848897e-21,4.837703625733415e-12,7.454282638022288e-05,1.0972660643036654e-17,2.126366579509034e-14,3.197943607526919e-20,2.4583099177590085e-13,4.1370034530479884e-13,1.3907524796247215e-06,2.4406991755665182e-25,3.235078294240404e-26,2.586826681995943e-26,3.3577387839633245e-21,3.959591021339012e-13,5.3684217294597735e-18,1.208369124894871e-17,1.5871415225939582e-27,1.1173084360517336e-19,1.7865451935495436e-21,1.1001010851716427e-10,3.58194069843467e-20,3.1106145588694596e-23,3.780864096238816e-19
0.048,2.0658258296393295,2202.9054331476386,0.153620217668105,0.6944451154268633,0.0,1.418593245253811e-11,0.001116724785845138,5.570596055158444e-09,0.0006154211644106187,0.1123878347417055,2.4850699988116213e-11,6.367641767344872e-11,2.597830869441155e-05,4.0990973988068155e-05,0.0007993858132880729,3.8016930418133395e-83,2.264622788965542e-24,1.1801818615155878e-07,2.137978141393152e-08,0.02414366125995191,0.12719750207414196,4.5724728621739725e-09,7.68422443556408e-10,8.149047789791512e-09,4.991914759420881e-09,1.3028174095038998e-09,1.5008978339265003e-10,7.926749649693559e-08,2.1889928707542678e-11,4.6316174257391035e-11,1.9921927401043296e-10,3.495625017541975e-13,7.334902445600755e-09,1.2677386698748835e-12,2.155441350328363e-12,7.748694078643364e-17,4.598240404632982e-17,3.86563432087334e-11,1.6912791438143422e-15,8.499594261100193e-15,8.86265385231568e-14,2.6346797553423774e-07,0.004849356329010681,1.4470401180853302e-06,3.301838232183318e-08,0.0021951545550953334,1.1032906336795384e-08,7.936204251250784e-13,0.012858035497225567,7.079398035321637e-06,4.542663486974428e-06,1.9468863885277046e-10,0.009979783898399082,0.009252556151313202,4.044093576022271e-08,1.0927457568176408e-05,2.263493776755493e-13,1.1326959477595638e-11,1.9675332347787017e-15,1.3238300647109326e-17,9.032250834981959e-31,2.251477922046385e-31,1.5865198952813508e-14,4.920264704343643e-19,3.1137241219770344e-18,2.2696045183308786e-11,3.5721433837951454e-06,2.6540841687172888e-22,9.04977729856022e-18,5.781081617970754e-21,2.1030560284741322e-14,2.111974641167044e-29,4.0375827919487276e-25,8.587863896568826e-19,4.582323361363192e-13,3.794368546533175e-10,2.101255937029754e-18,6.5511904770510484e-24,1.8800328419772587e-24,1.398344932165914e-15,4.058341606612596e-09,6.885953408628416e-23,7.64655600016298e-16,3.2105119545182803e-14,1.6027947033448275e-15,4.4312562825964033e-14,1.571524340600276e-14,5.965474799104924e-17,4.39949726249371e-26,3.8922099444414698e-28,1.6802637328485656e-33,7.736400816836246e-20,2.2016558770792836e-19,1.0296905868721633e-20,2.4898160019979e-16,2.1224778949463355e-15,1.998385537092524e-13,1.6851339040993015e-17,1.035744840426787e-07,6.857064475964044e-21,1.383554176752094e-13,3.3074456295018375e-18,1.0515448046378812e-21,9.897297659823177e-16,2.2177695039766777e-31,1.7799979875050736e-06,3.9472265704437215e-15,1.912390651563247e-24,1.2503237061153535e-21,1.8899815713241027e-32,1.014409095305209e-08,3.7456578274302023e-11,6.45231833729395e-17,1.876232129382472e-18,8.79888030737479e-13,4.161145431735945e-17,9.752358436162375e-25,5.768014671928966e-19,5.014400621681327e-17,2.1646901413652948e-07,6.612135190427107e-16,9.042627732792947e-11,8.914680158917611e-10,7.464907334927135e-19,7.841194505375317e-26,9.231905092728986e-22,4.0890893411985866e-12,6.091266417136967e-05,6.257796997150977e-18,1.7301107798714487e-14,2.2908702498334766e-20,2.0830816700964584e-13,3.4963887585871023e-13,1.3018096939311502e-06,1.699327840700807e-25,2.2569322570685994e-26,1.8000687512752888e-26,2.4066809192542397e-21,3.268139328229573e-13,4.363772921090805e-18,8.518389150380639e-18,1.110992440629683e-27,6.41587113338657e-20,1.2537124566785766e-21,8.576814830770417e-11,2.591091482244326e-20,2.188925559317538e-23,2.971327123916693e-19
0.056,2.068373176592035,2206.0715279784636,0.15343102357209779,0.6944435168452292,0.0,4.279639913961322e-12,0.001039664411586815,4.3666999260773575e-09,0.0005307477790168568,0.11244208101440455,1.5783489809352137e-11,4.139963466891418e-11,2.3970333372609692e-05,3.532798146071695e-05,0.0007963595659447217,4.2503240828552635e-83,2.967842815172863e-24,1.0246382742581633e-07,1.831737116536038e-08,0.02409578060774231,0.12730462264160766,4.284193769790901e-09,5.281353482490606e-10,5.952297647459574e-09,3.521402258654174e-09,9.154031402148991e-10,1.1077797167323695e-10,6.258224036266254e-08,1.7555673344458094e-11,3.151931108826948e-11,1.3957415593333362e-10,2.358242561315086e-13,5.474953612837467e-09,9.141345626496178e-13,1.6633173357029825e-12,4.329630346503767e-17,2.925709826405384e-17,2.6161185320327556e-11,1.2252293921897449e-15,5.792126555410872e-15,6.632659308729193e-14,2.46639410950607e-07,0.0048496841775186785,1.5317854261178684e-06,2.967691315339261e-08,0.0020039186775804353,9.495277212675427e-09,7.358753633728469e-13,0.013127650550421527,4.42743214995651e-06,4.459066234531943e-06,1.6321652388080184e-10,0.009587516386505224,0.009650992110048993,3.509230230222971e-08,9.287585162311838e-06,1.9434640021609623e-13,9.679748989865145e-12,9.137395481227035e-16,7.612783208003148e-18,8.305215160993972e-32,2.4213201969235167e-32,4.357313424669312e-15,1.4265077268985825e-19,8.99737617951044e-19,1.8792233773695076e-11,3.1035161952182067e-06,7.911650514358016e-23,2.3311498417838737e-18,3.2962095848088317e-21,7.7871666906789e-15,1.9071108567490556e-30,2.9825066019864426e-25,2.248359110797921e-19,3.4779974861396594e-13,3.515908387395251e-10,1.3726641847395778e-18,3.832659844494936e-24,4.426524596898065e-25,8.707908732592534e-16,2.836534945214735e-09,1.503862002384532e-23,4.770315494584236e-16,2.430414763314799e-14,1.1425194048699458e-15,3.76884067184825e-14,1.6168844662043604e-15,4.79492290717082e-17,3.25794892309378e-26,2.8891659719293804e-28,1.062028013577487e-33,5.985645360616293e-20,1.7073506660417051e-19,7.988785255224449e-21,2.2991370984187415e-17,1.5563638763585605e-15,1.5820787094102117e-13,1.2530726124781192e-17,6.733626124347166e-08,4.165577449286206e-21,1.1582955333638796e-13,2.428997487554438e-18,7.539914527100929e-22,4.670413734646841e-16,4.8936117189023125e-32,1.7799994182417685e-06,3.663640550084641e-16,1.510236124291313e-25,2.7340981607196776e-22,3.5388458601657075e-33,9.828183817973174e-10,3.729231550683959e-12,4.8756041143931254e-17,1.2958770228574776e-18,7.36017256617147e-13,2.764335819443866e-17,6.401286758057052e-26,4.410742539982393e-19,3.846777817401173e-17,4.530041834692379e-08,3.6747581377045016e-16,7.164037061224342e-11,7.004394310877831e-10,4.885779458009117e-19,4.5866778470025236e-27,6.60549368731004e-22,2.8954835161133173e-12,4.1790658665902166e-05,4.0895780382227346e-18,1.0675379866783251e-14,1.3875065073290983e-20,1.4761025488530641e-13,2.4717996976934465e-13,1.1393366868215198e-06,1.0831872679588561e-25,1.4411664291723014e-26,1.1468382503268512e-26,1.4583693240491155e-21,2.041510201741057e-13,2.6925878707764666e-18,4.5836210700703185e-18,7.115471712125541e-28,4.218386357902343e-20,6.717703548352827e-22,5.6258696927232035e-11,1.5829730443880302e-20,1.1757565970870683e-23,1.9159032073953977e-19
0.064,2.069620013341011,2207.5848186742805,0.1533385894840094,0.6944421124622321,0.0,2.698874896479738e-12,0.0010059407742378267,3.2566550665289313e-09,0.0004947404907312997,0.11245271756497485,1.0680488292168688e-11,2.830235855158348e-11,2.314152363054955e-05,3.2988429797826605e-05,0.0007964460038585504,4.71405065702946e-83,2.7968817347969878e-24,9.600237595579833e-08,1.705138162716689e-08,0.024112183552384436,0.12729987227983314,4.161637874455181e-09,3.705370380018665e-10,4.2963515275493955e-09,2.5235510955425586e-09,6.415129737465462e-10,7.942053827790467e-11,4.6262396970311963e-08,1.3074171437271652e-11,2.2015728174473825e-11,9.873091219900049e-11,1.6412985858190595e-13,3.9582935436320864e-09,6.4901213839716e-13,1.2169302172595705e-12,2.3528701046679332e-17,1.8811192820897546e-17,1.8220244861242474e-11,8.816746112832113e-16,4.02198949180026e-15,4.7815646454741974e-14,2.393024812673607e-07,0.0048499291732357515,1.5058802338089265e-06,2.70518038970321e-08,0.0018403892036041108,8.481704923023333e-09,7.147381893340814e-13,0.013356344539753234,2.9690841660665226e-06,4.233690571988068e-06,1.4267615113546833e-10,0.009406491649207581,0.009835228828646375,3.145998382234584e-08,7.89693134487051e-06,1.7011689255567046e-13,8.216554860507254e-12,6.571212126571226e-16,5.689041596614683e-18,3.3189200650999824e-32,1.1043111187985033e-32,2.6357946440946844e-15,8.827390066690779e-20,5.558877887477916e-19,1.7181152880053912e-11,2.903180332153305e-06,4.8782622305711183e-23,1.3646822431101136e-18,2.5497929156093794e-21,5.267449456979479e-15,7.55561713463644e-31,2.3076673539290057e-25,1.3282680363684595e-19,2.5346445486838786e-13,3.3995564755161827e-10,1.0173968967766026e-18,2.415844668814566e-24,2.4888776458092852e-25,5.366160280781369e-16,2.008628585926637e-09,6.815798314855568e-24,3.1947454874297895e-16,1.7614968848799578e-14,8.180342266872423e-16,3.317258549214449e-14,2.06809006423614e-16,4.1083650860535663e-17,2.523249292391366e-26,2.2406043271169764e-28,7.630997397743704e-34,4.733296342375519e-20,1.3516096976586952e-19,6.325675092687776e-21,2.1721011281101775e-18,1.2884228428140274e-15,1.3580260671822151e-13,9.722188659901194e-18,4.6146105359452995e-08,2.693889974649044e-21,1.0046638225339138e-13,1.9751739242711585e-18,6.101440452371406e-22,3.0602966527595624e-16,2.551559033447468e-32,1.779998390051978e-06,3.469662283968749e-17,1.3246606192274278e-26,1.2400876548711186e-22,1.490855415859786e-33,9.499848899046837e-11,3.6517866687233217e-13,3.890488940014632e-17,1.019860972686261e-18,6.47697318542908e-13,1.8080053977667567e-17,4.3087887108249754e-27,3.539599233038242e-19,3.091749275009793e-17,9.68277703469082e-09,2.3376200029129765e-16,6.154216437685473e-11,5.99348595884492e-10,3.325667750655548e-19,2.933016946766878e-28,5.317630742573017e-22,2.0138468297440453e-12,2.8644811974271717e-05,2.666995915795938e-18,5.882416679139862e-15,8.960215799894346e-21,1.0263715203271978e-13,1.7167469671097605e-13,9.95706931669706e-07,7.811233466763683e-26,1.0401511267651518e-26,8.268307165178697e-27,9.420052574074624e-22,1.1313390370359611e-13,1.484811653327043e-18,2.367104766398701e-18,5.142868412063529e-28,2.758967371069751e-20,3.4612070549602995e-22,3.7746224387564616e-11,1.0264809839498901e-20,6.065008792423715e-24,1.213387919165213e-19
0.08,2.0696200133410105,2207.5848186742805,0.1533385894840094,0.6944421124622322,0.0,2.698874896479738e-12,0.0010059407742378267,3.2566550665289313e-09,0.0004947404907312997,0.11245271756497485,1.0680488292168688e-11,2.830235855158348e-11,2.314152363054955e-05,3.2988429797826605e-05,0.0007964460038585504,4.71405065702946e-83,2.7966364487224807e-24,9.600237595579833e-08,1.705138162716689e-08,0.024112183552384436,0.12729987227983314,4.161637874455181e-09,3.705370380018665e-10,4.2963515275493955e-09,2.5235510955425586e-09,6.415129737465462e-10,7.942053827790467e-11,4.6262396970311963e-08,1.3074171437271652e-11,2.2015728174473825e-11,9.873091219900049e-11,1.6412985858190595e-13,3.9582935436320864e-09,6.4901213839716e-13,1.2169302172595705e-12,2.3528701046679332e-17,1.8811192820897546e-17,1.8220244861242474e-11,8.816746112832113e-16,4.02198949180026e-15,4.7815646454741974e-14,2.393024812673607e-07,0.0048499291732357515,1.5058802338089265e-06,2.70518038970321e-08,0.0018403892036041108,8.481704923023333e-09,7.147381893340814e-13,0.013356344539753234,2.9690841660665226e-06,4.233690571988068e-06,1.4267615113546833e-10,0.009406491649207581,0.009835228828646375,3.145998382234584e-08,7.89693134487051e-06,1.7011689255567046e-13,8.216554860507254e-12,6.571212126571226e-16,5.689041596614683e-18,3.3189200650999824e-32,1.1043111187985033e-32,2.6357946440946844e-15,8.827390066690779e-20,5.558877887477916e-19,1.7181152880053912e-11,2.903180332153305e-06,4.8782622305711183e-23,1.3646822431101136e-18,2.5497929156093794e-21,5.267449456979479e-15,7.55561713463644e-31,2.3076673539290057e-25,1.3282680363684595e-19,2.5346445486838786e-13,3.3995564755161827e-10,1.0173968967766026e-18,2.415844668814566e-24,2.4888776458092852e-25,5.366160280781369e-16,2.008628585926637e-09,6.815798314855568e-24,3.1947454874297895e-16,1.7614968848799578e-14,8.180342266872423e-16,3.317258549214449e-14,2.06809006423614e-16,4.1083650860535663e-17,2.523249292391366e-26,2.2406043271169764e-28,7.630997397743704e-34,4.733296342375519e-20,1.3516096976586952e-19,6.325675092687776e-21,2.1721011281101775e-18,1.2884228428140274e-15,1.3580260671822151e-13,9.722188659901194e-18,4.6146105359452995e-08,2.693889974649044e-21,1.0046638225339138e-13,1.9751739242711585e-18,6.101440452371406e-22,3.0602966527595624e-16,2.551559033447468e-32,1.779998390051978e-06,3.469662283968749e-17,1.3246606192274278e-26,1.2400876548711186e-22,1.490855415859786e-33,9.499848899046837e-11,3.6517866687233217e-13,3.890488940014632e-17,1.019860972686261e-18,6.47697318542908e-13,1.8080053977667567e-17,4.3087887108249754e-27,3.539599233038242e-19,3.091749275009793e-17,9.68277703469082e-09,2.3376200029129765e-16,6.154216437685473e-11,5.99348595884492e-10,3.325667750655548e-19,2.933016946766878e-28,5.317630742573017e-22,2.0138468297440453e-12,2.8644811974271717e-05,2.666995915795938e-18,5.882416679139862e-15,8.960215799894346e-21,1.0263715203271978e-13,1.7167469671097605e-13,9.95706931669706e-07,7.811233466763683e-26,1.0401511267651518e-26,8.268307165178697e-27,9.420052574074624e-22,1.1313390370359611e-13,1.484811653327043e-18,2.367104766398701e-18,5.142868412063529e-28,2.758967371069751e-20,3.4612070549602995e-22,3.7746224387564616e-11,1.0264809839498901e-20,6.065008792423715e-24,1.213387919165213e-19
